number of samples, 4005
 timeElapsed:, 2011.3 
   

32.174, 36
33.603, 36
33.603, 36
33.603, 36
33.603, 36
33.603, 36
33.603, 36
33.603, 36
33.603, 36
33.603, 36
33.603, 36
33.603, 36
33.603, 36
33.603, 36
33.603, 36
33.603, 36
33.603, 36
33.603, 36
33.603, 36
33.603, 36
33.603, 36
33.603, 36
33.603, 36
33.603, 36
33.603, 36
33.603, 36
33.603, 36
33.603, 36
37.968, 36
37.968, 36
37.968, 36
37.968, 36
37.968, 36
37.968, 36
37.968, 36
37.968, 36
37.968, 36
37.968, 36
37.968, 36
37.968, 36
37.968, 36
37.968, 36
37.968, 36
37.968, 36
37.968, 36
37.968, 36
37.968, 36
37.968, 36
37.968, 36
37.968, 36
37.968, 36
37.968, 36
37.968, 36
37.968, 36
37.968, 36
42.696, 36
42.696, 36
42.696, 36
42.696, 36
42.696, 36
42.696, 36
42.696, 36
42.696, 36
42.696, 36
42.696, 36
42.696, 36
42.696, 36
42.696, 36
42.696, 36
42.696, 36
42.696, 36
42.696, 36
42.696, 36
42.696, 36
42.696, 36
42.696, 36
42.696, 36
42.696, 36
42.696, 36
42.696, 36
42.696, 36
42.696, 36
42.696, 36
42.696, 36
42.696, 36
46.853, 36
46.853, 36
46.853, 36
46.853, 36
46.853, 36
46.853, 36
46.853, 36
46.853, 36
46.853, 36
46.853, 36
46.853, 36
46.853, 36
46.853, 36
46.853, 36
46.853, 36
46.853, 36
46.853, 36
46.853, 36
46.853, 36
46.853, 36
46.853, 36
46.853, 36
46.853, 36
46.853, 36
46.853, 36
46.853, 36
46.853, 36
46.853, 36
46.853, 36
46.853, 36
49.761, 36
49.761, 36
49.761, 36
49.761, 36
49.761, 36
49.761, 36
49.761, 36
49.761, 36
49.761, 36
49.761, 36
49.761, 36
49.761, 36
49.761, 36
49.761, 36
49.761, 36
49.761, 36
49.761, 36
49.761, 36
49.761, 36
49.761, 36
49.761, 36
49.761, 36
49.761, 36
49.761, 36
49.761, 36
49.761, 36
49.761, 36
49.761, 36
49.761, 36
52.872, 36
52.872, 36
52.872, 36
52.872, 36
52.872, 36
52.872, 36
52.872, 36
52.872, 36
52.872, 36
52.872, 36
52.872, 36
52.872, 36
52.872, 36
52.872, 36
52.872, 36
52.872, 36
52.872, 36
52.872, 36
52.872, 36
52.872, 36
52.872, 36
52.872, 36
52.872, 36
52.872, 36
52.872, 36
52.872, 36
52.872, 36
52.872, 36
52.872, 36
55.027, 36
55.027, 36
55.027, 36
55.027, 36
55.027, 36
55.027, 36
55.027, 36
55.027, 36
55.027, 36
55.027, 36
55.027, 36
55.027, 36
55.027, 36
55.027, 36
55.027, 36
55.027, 36
55.027, 36
55.027, 36
55.027, 36
55.027, 36
55.027, 36
55.027, 36
55.027, 36
55.027, 36
55.027, 36
55.027, 36
55.027, 36
55.027, 36
55.027, 36
57.024, 36
57.024, 36
57.024, 36
57.024, 36
57.024, 36
57.024, 36
57.024, 36
57.024, 36
57.024, 36
57.024, 36
57.024, 36
57.024, 36
57.024, 36
57.024, 36
57.024, 36
57.024, 36
57.024, 36
57.024, 36
57.024, 36
57.024, 36
57.024, 36
57.024, 36
57.024, 36
57.024, 36
57.024, 36
57.024, 36
57.024, 36
57.024, 36
57.024, 36
58.224, 36
58.224, 36
58.224, 36
58.224, 36
58.224, 36
58.224, 36
58.224, 36
58.224, 36
58.224, 36
58.224, 36
58.224, 36
58.224, 36
58.224, 36
58.224, 36
58.224, 36
58.224, 36
58.224, 36
58.224, 36
58.224, 36
58.224, 36
58.224, 36
58.224, 36
58.224, 36
58.224, 36
58.224, 36
58.224, 36
58.224, 36
58.224, 36
58.224, 36
59.081, 36
59.081, 36
59.081, 36
59.081, 36
59.081, 36
59.081, 36
59.081, 36
59.081, 36
59.081, 36
59.081, 36
59.081, 36
59.081, 36
59.081, 36
59.081, 36
59.081, 36
59.081, 36
59.081, 36
59.081, 36
59.081, 36
59.081, 36
59.081, 36
59.081, 36
59.081, 36
59.081, 36
59.081, 36
59.081, 36
59.081, 36
59.081, 36
59.081, 36
59.746, 36
59.746, 36
59.746, 36
59.746, 36
59.746, 36
59.746, 36
59.746, 36
59.746, 36
59.746, 36
59.746, 36
59.746, 36
59.746, 36
59.746, 36
59.746, 36
59.746, 36
59.746, 36
59.746, 36
59.746, 36
59.746, 36
59.746, 36
59.746, 36
59.746, 36
59.746, 36
59.746, 36
59.746, 36
59.746, 36
59.746, 36
59.746, 36
59.746, 36
60.774, 36
60.774, 36
60.774, 36
60.774, 36
60.774, 36
60.774, 36
60.774, 36
60.774, 36
60.774, 36
60.774, 36
60.774, 36
60.774, 36
60.774, 36
60.774, 36
60.774, 36
60.774, 36
60.774, 36
60.774, 36
60.774, 36
60.774, 36
60.774, 36
60.774, 36
60.774, 36
60.774, 36
60.774, 36
60.774, 36
60.774, 36
60.774, 36
60.774, 36
62.085, 36
62.085, 36
62.085, 36
62.085, 36
62.085, 36
62.085, 36
62.085, 36
62.085, 36
62.085, 36
62.085, 36
62.085, 36
62.085, 36
62.085, 36
62.085, 36
62.085, 36
62.085, 36
62.085, 36
62.085, 36
62.085, 36
62.085, 36
62.085, 36
62.085, 36
62.085, 36
62.085, 36
62.085, 36
62.085, 36
62.085, 36
62.085, 36
62.085, 36
62.179, 36
62.179, 36
62.179, 36
62.179, 36
62.179, 36
62.179, 36
62.179, 36
62.179, 36
62.179, 36
62.179, 36
62.179, 36
62.179, 36
62.179, 36
62.179, 36
62.179, 36
62.179, 36
62.179, 36
62.179, 36
62.179, 36
62.179, 36
62.179, 36
62.179, 36
62.179, 36
62.179, 36
62.179, 36
62.179, 36
62.179, 36
62.179, 36
62.179, 36
62.920, 36
62.920, 36
62.920, 36
62.920, 36
62.920, 36
62.920, 36
62.920, 36
62.920, 36
62.920, 36
62.920, 36
62.920, 36
62.920, 36
62.920, 36
62.920, 36
62.920, 36
62.920, 36
62.920, 36
62.920, 36
62.920, 36
62.920, 36
62.920, 36
62.920, 36
62.920, 36
62.920, 36
62.920, 36
62.920, 36
62.920, 36
62.920, 36
62.920, 36
63.111, 36
63.111, 36
63.111, 36
63.111, 36
63.111, 36
63.111, 36
63.111, 36
63.111, 36
63.111, 36
63.111, 36
63.111, 36
63.111, 36
63.111, 36
63.111, 36
63.111, 36
63.111, 36
63.111, 36
63.111, 36
63.111, 36
63.111, 36
63.111, 36
63.111, 36
63.111, 36
63.111, 36
63.111, 36
63.111, 36
63.111, 36
63.111, 36
63.111, 36
63.776, 36
63.776, 36
63.776, 36
63.776, 36
63.776, 36
63.776, 36
63.776, 36
63.776, 36
63.776, 36
63.776, 36
63.776, 36
63.776, 36
63.776, 36
63.776, 36
63.776, 36
63.776, 36
63.776, 36
63.776, 36
63.776, 36
63.776, 36
63.776, 36
63.776, 36
63.776, 36
63.776, 36
63.776, 36
63.776, 36
63.776, 36
63.776, 36
63.776, 36
63.776, 36
63.111, 36
63.111, 36
63.111, 36
63.111, 36
63.111, 36
63.111, 36
63.111, 36
63.111, 36
63.111, 36
63.111, 36
63.111, 36
63.111, 36
63.111, 36
63.111, 36
63.111, 36
63.111, 36
63.111, 36
63.111, 36
63.111, 36
63.111, 36
63.111, 36
63.111, 36
63.111, 36
63.111, 36
63.111, 36
63.111, 36
63.111, 36
63.111, 36
63.111, 36
63.111, 36
63.111, 36
63.639, 36
63.639, 36
63.639, 36
63.639, 36
63.639, 36
63.639, 36
63.639, 36
63.639, 36
63.639, 36
63.639, 36
63.639, 36
63.639, 36
63.639, 36
63.639, 36
63.639, 36
63.639, 36
63.639, 36
63.639, 36
63.639, 36
63.639, 36
63.639, 36
63.639, 36
63.639, 36
63.639, 36
63.639, 36
63.639, 37
63.639, 37
63.639, 37
63.639, 37
63.639, 37
63.639, 37
64.375, 37
64.375, 37
64.375, 37
64.375, 37
64.375, 37
64.375, 37
64.375, 37
64.375, 37
64.375, 37
64.375, 37
64.375, 37
64.375, 37
64.375, 37
64.375, 37
64.375, 37
64.375, 37
64.375, 37
64.375, 37
64.375, 37
64.375, 37
64.375, 37
64.375, 37
64.375, 37
64.375, 37
64.375, 37
64.375, 37
64.375, 37
64.375, 37
64.375, 37
64.375, 37
64.375, 37
64.926, 37
64.926, 37
64.926, 37
64.926, 37
64.926, 37
64.926, 37
64.926, 37
64.926, 37
64.926, 37
64.926, 37
64.926, 37
64.926, 37
64.926, 37
64.926, 37
64.926, 37
64.926, 37
64.926, 37
64.926, 37
64.926, 37
64.926, 37
64.926, 37
64.926, 37
64.926, 37
64.926, 36
64.926, 36
64.926, 36
64.926, 36
64.926, 36
64.926, 36
64.926, 36
64.926, 36
64.546, 36
64.546, 36
64.546, 36
64.546, 36
64.546, 36
64.546, 36
64.546, 36
64.546, 36
64.546, 36
64.546, 36
64.546, 36
64.546, 36
64.546, 36
64.546, 36
64.546, 36
64.546, 36
64.546, 36
64.546, 36
64.546, 36
64.546, 36
64.546, 36
64.546, 36
64.546, 36
64.546, 36
64.546, 36
64.546, 36
64.546, 36
64.546, 36
64.546, 36
64.546, 36
64.546, 36
65.211, 36
65.211, 36
65.211, 36
65.211, 36
65.211, 36
65.211, 36
65.211, 36
65.211, 36
65.211, 36
65.211, 36
65.211, 36
65.211, 36
65.211, 36
65.211, 36
65.211, 36
65.211, 36
65.211, 36
65.211, 36
65.211, 37
65.211, 37
65.211, 37
65.211, 37
65.211, 37
65.211, 37
65.211, 37
65.211, 37
65.211, 37
65.211, 37
65.211, 37
65.211, 37
65.211, 37
65.211, 37
65.211, 37
65.211, 37
65.211, 37
65.211, 37
65.211, 37
65.211, 37
65.211, 37
65.211, 37
65.211, 37
65.211, 37
65.211, 37
65.211, 37
65.211, 37
65.211, 37
65.211, 37
65.211, 37
65.211, 37
65.211, 37
65.211, 37
65.211, 37
65.211, 37
65.211, 37
65.211, 37
65.211, 37
65.211, 37
65.211, 37
65.211, 37
65.211, 37
64.926, 37
64.926, 37
64.926, 37
64.926, 37
64.926, 37
64.926, 37
64.926, 37
64.926, 37
64.926, 37
64.926, 37
64.926, 37
64.926, 37
64.926, 37
64.926, 37
64.926, 37
64.926, 37
64.926, 37
64.926, 37
64.926, 37
64.926, 37
64.926, 37
64.926, 37
64.926, 37
64.926, 37
64.926, 37
64.926, 37
64.926, 37
64.926, 37
64.926, 37
64.926, 37
64.926, 37
64.262, 37
64.262, 37
64.262, 37
64.262, 37
64.262, 37
64.262, 37
64.262, 37
64.262, 37
64.262, 37
64.262, 37
64.262, 37
64.262, 37
64.262, 37
64.262, 37
64.262, 37
64.262, 37
64.262, 37
64.262, 37
64.262, 37
64.262, 37
64.262, 37
64.262, 37
64.262, 37
64.262, 37
64.262, 37
64.262, 37
64.262, 37
64.262, 37
64.262, 37
64.262, 37
64.262, 37
64.999, 37
64.999, 37
64.999, 37
64.999, 37
64.999, 37
64.999, 37
64.999, 37
64.999, 37
64.999, 37
64.999, 37
64.999, 37
64.999, 37
64.999, 37
64.999, 37
64.999, 37
64.999, 37
64.999, 37
64.999, 37
64.999, 37
64.999, 37
64.999, 37
64.999, 37
64.999, 37
64.999, 37
64.999, 37
64.999, 37
64.999, 37
64.999, 37
64.999, 37
64.999, 37
64.999, 37
65.928, 37
65.928, 37
65.928, 37
65.928, 37
65.928, 37
65.928, 37
65.928, 37
65.928, 37
65.928, 37
65.928, 37
65.928, 37
65.928, 37
65.928, 37
65.928, 37
65.928, 37
65.928, 37
65.928, 37
65.928, 37
65.928, 37
65.928, 37
65.928, 37
65.928, 37
65.928, 37
65.928, 37
65.928, 37
65.928, 37
65.928, 37
65.928, 37
65.928, 37
65.928, 37
65.928, 37
66.211, 37
66.211, 37
66.211, 37
66.211, 37
66.211, 37
66.211, 37
66.211, 37
66.211, 37
66.211, 37
66.211, 37
66.211, 37
66.211, 37
66.211, 37
66.211, 37
66.211, 37
66.211, 37
66.211, 37
66.211, 37
66.211, 37
66.211, 37
66.211, 37
66.211, 37
66.211, 37
66.211, 37
66.211, 37
66.211, 37
66.211, 37
66.211, 37
66.211, 37
66.211, 37
66.211, 37
66.306, 37
66.306, 37
66.306, 37
66.306, 37
66.306, 37
66.306, 37
66.306, 37
66.306, 37
66.306, 37
66.306, 37
66.306, 37
66.306, 37
66.306, 37
66.306, 37
66.306, 37
66.306, 37
66.306, 37
66.306, 37
66.306, 37
66.306, 37
66.306, 37
66.306, 37
66.306, 37
66.306, 37
66.306, 37
66.306, 37
66.306, 37
66.306, 37
66.306, 37
66.306, 37
66.306, 37
66.592, 37
66.592, 37
66.592, 37
66.592, 37
66.592, 37
66.592, 37
66.592, 37
66.592, 37
66.592, 37
66.592, 37
66.592, 37
66.592, 37
66.592, 37
66.592, 37
66.592, 37
66.592, 37
66.592, 37
66.592, 37
66.592, 37
66.592, 37
66.592, 37
66.592, 37
66.592, 37
66.592, 37
66.592, 37
66.592, 37
66.592, 37
66.592, 37
66.592, 37
66.592, 37
66.592, 37
66.116, 37
66.116, 37
66.116, 37
66.116, 37
66.116, 37
66.116, 37
66.116, 37
66.116, 37
66.116, 37
66.116, 37
66.116, 37
66.116, 37
66.116, 37
66.116, 37
66.116, 37
66.116, 37
66.116, 37
66.116, 37
66.116, 37
66.116, 37
66.116, 37
66.116, 37
66.116, 37
66.116, 37
66.116, 37
66.116, 37
66.116, 37
66.116, 37
66.116, 37
66.116, 37
66.116, 37
65.737, 37
65.737, 37
65.737, 37
65.737, 37
65.737, 37
65.737, 37
65.737, 37
65.737, 37
65.737, 37
65.737, 37
65.737, 37
65.737, 37
65.737, 37
65.737, 37
65.737, 37
65.737, 37
65.737, 37
65.737, 37
65.737, 37
65.737, 37
65.737, 37
65.737, 37
65.737, 37
65.737, 37
65.737, 37
65.737, 37
65.737, 37
65.737, 37
65.737, 37
65.737, 37
65.737, 37
66.211, 37
66.211, 37
66.211, 37
66.211, 37
66.211, 37
66.211, 37
66.211, 37
66.211, 37
66.211, 37
66.211, 37
66.211, 37
66.211, 37
66.211, 37
66.211, 37
66.211, 37
66.211, 37
66.211, 37
66.211, 37
66.211, 37
66.211, 37
66.211, 37
66.211, 37
66.211, 37
66.211, 37
66.211, 37
66.211, 37
66.211, 37
66.211, 37
66.211, 37
66.211, 37
66.211, 37
67.160, 37
67.160, 37
67.160, 37
67.160, 37
67.160, 37
67.160, 37
67.160, 37
67.160, 37
67.160, 37
67.160, 37
67.160, 37
67.160, 37
67.160, 37
67.160, 37
67.160, 37
67.160, 37
67.160, 37
67.160, 37
67.160, 37
67.160, 37
67.160, 37
67.160, 37
67.160, 37
67.160, 37
67.160, 37
67.160, 37
67.160, 37
67.160, 37
67.160, 37
67.160, 37
67.160, 37
67.254, 37
67.254, 37
67.254, 37
67.254, 37
67.254, 37
67.254, 37
67.254, 37
67.254, 37
67.254, 37
67.254, 37
67.254, 37
67.254, 37
67.254, 37
67.254, 37
67.254, 37
67.254, 37
67.254, 37
67.254, 37
67.254, 37
67.254, 37
67.254, 37
67.254, 37
67.254, 37
67.254, 37
67.254, 37
67.254, 37
67.254, 37
67.254, 37
67.254, 37
67.254, 37
67.254, 37
67.254, 37
66.686, 37
66.686, 37
66.686, 37
66.686, 37
66.686, 37
66.686, 37
66.686, 37
66.686, 37
66.686, 37
66.686, 37
66.686, 37
66.686, 37
66.686, 37
66.686, 37
66.686, 37
66.686, 37
66.686, 37
66.686, 37
66.686, 37
66.686, 37
66.686, 37
66.686, 37
66.686, 37
66.686, 37
66.686, 37
66.686, 37
66.686, 37
66.686, 37
66.686, 37
66.686, 37
66.686, 37
66.874, 37
66.874, 37
66.874, 37
66.874, 37
66.874, 37
66.874, 37
66.874, 37
66.874, 37
66.874, 37
66.874, 37
66.874, 37
66.874, 37
66.874, 37
66.874, 37
66.874, 37
66.874, 37
66.874, 37
66.874, 37
66.874, 37
66.874, 37
66.874, 37
66.874, 37
66.874, 37
66.874, 37
66.874, 37
66.874, 37
66.874, 37
66.874, 37
66.874, 37
66.874, 37
66.874, 37
69.012, 37
69.012, 37
69.012, 37
69.012, 37
69.012, 37
69.012, 37
69.012, 37
69.012, 37
69.012, 37
69.012, 37
69.012, 37
69.012, 37
69.012, 37
69.012, 37
69.012, 37
69.012, 37
69.012, 37
69.012, 37
69.012, 37
69.012, 37
69.012, 37
69.012, 37
69.012, 37
69.012, 37
69.012, 37
69.012, 37
69.012, 37
69.012, 37
69.012, 37
69.012, 37
69.012, 37
70.787, 37
70.787, 37
70.787, 37
70.787, 37
70.787, 37
70.787, 37
70.787, 37
70.787, 37
70.787, 37
70.787, 37
70.787, 37
70.787, 37
70.787, 37
70.787, 37
70.787, 37
70.787, 37
70.787, 37
70.787, 37
70.787, 37
70.787, 37
70.787, 37
70.787, 37
70.787, 37
70.787, 37
70.787, 37
70.787, 37
70.787, 37
70.787, 37
70.787, 37
70.787, 37
70.787, 37
72.092, 37
72.092, 37
72.092, 37
72.092, 37
72.092, 37
72.092, 37
72.092, 37
72.092, 37
72.092, 37
72.092, 37
72.092, 37
72.092, 37
72.092, 37
72.092, 37
72.092, 37
72.092, 37
72.092, 37
72.092, 37
72.092, 37
72.092, 37
72.092, 37
72.092, 37
72.092, 37
72.092, 37
72.092, 37
72.092, 37
72.092, 37
72.092, 37
72.092, 37
72.092, 37
72.092, 37
71.712, 37
71.712, 37
71.712, 37
71.712, 37
71.712, 37
71.712, 37
71.712, 37
71.712, 37
71.712, 37
71.712, 37
71.712, 37
71.712, 37
71.712, 37
71.712, 37
71.712, 37
71.712, 37
71.712, 37
71.712, 37
71.712, 37
71.712, 37
71.712, 37
71.712, 37
71.712, 37
71.712, 37
71.712, 37
71.712, 37
71.712, 37
71.712, 37
71.712, 37
71.712, 37
71.712, 37
71.335, 37
71.335, 37
71.335, 37
71.335, 37
71.335, 37
71.335, 37
71.335, 37
71.335, 37
71.335, 37
71.335, 37
71.335, 37
71.335, 37
71.335, 37
71.335, 37
71.335, 37
71.335, 37
71.335, 37
71.335, 37
71.335, 37
71.335, 37
71.335, 37
71.335, 37
71.335, 37
71.335, 37
71.335, 37
71.335, 37
71.335, 37
71.335, 37
71.335, 37
71.335, 37
71.335, 37
70.787, 37
70.787, 37
70.787, 37
70.787, 37
70.787, 37
70.787, 37
70.787, 37
70.787, 37
70.787, 37
70.787, 37
70.787, 37
70.787, 37
70.787, 37
70.787, 37
70.787, 37
70.787, 37
70.787, 37
70.787, 37
70.787, 37
70.787, 37
70.787, 37
70.787, 37
70.787, 37
70.787, 37
70.787, 37
70.787, 37
70.787, 37
70.787, 37
70.787, 37
70.787, 37
70.787, 37
69.865, 37
69.865, 37
69.865, 37
69.865, 37
69.865, 37
69.865, 37
69.865, 37
69.865, 37
69.865, 37
69.865, 37
69.865, 37
69.865, 37
69.865, 37
69.865, 37
69.865, 37
69.865, 37
69.865, 37
69.865, 37
69.865, 37
69.865, 37
69.865, 37
69.865, 37
69.865, 37
69.865, 37
69.865, 37
69.865, 37
69.865, 37
69.865, 37
69.865, 37
69.865, 37
69.865, 37
69.865, 37
69.580, 37
69.580, 37
69.580, 37
69.580, 37
69.580, 37
69.580, 37
69.580, 37
69.580, 37
69.580, 37
69.580, 37
69.580, 37
69.580, 37
69.580, 37
69.580, 37
69.580, 37
69.580, 37
69.580, 37
69.580, 37
69.580, 37
69.580, 37
69.580, 37
69.580, 37
69.580, 37
69.580, 37
69.580, 37
69.580, 37
69.580, 37
69.580, 37
69.580, 37
69.580, 37
69.580, 37
69.106, 37
69.106, 37
69.106, 37
69.106, 37
69.106, 37
69.106, 37
69.106, 37
69.106, 37
69.106, 37
69.106, 37
69.106, 37
69.106, 37
69.106, 37
69.106, 37
69.106, 37
69.106, 37
69.106, 37
69.106, 37
69.106, 37
69.106, 37
69.106, 37
69.106, 37
69.106, 37
69.106, 37
69.106, 37
69.106, 37
69.106, 37
69.106, 37
69.106, 37
69.106, 37
69.106, 37
68.084, 37
68.084, 37
68.084, 37
68.084, 37
68.084, 37
68.084, 37
68.084, 37
68.084, 37
68.084, 37
68.084, 37
68.084, 37
68.084, 37
68.084, 37
68.084, 37
68.084, 37
68.084, 37
68.084, 37
68.084, 37
68.084, 37
68.084, 37
68.084, 37
68.084, 37
68.084, 37
68.084, 37
68.084, 37
68.084, 37
68.084, 37
68.084, 37
68.084, 37
68.084, 37
68.084, 37
68.084, 37
68.084, 37
68.084, 37
68.084, 37
68.084, 37
68.084, 37
68.084, 37
68.084, 37
68.084, 37
68.084, 37
68.084, 37
68.084, 37
68.084, 37
68.084, 37
68.084, 37
68.084, 37
68.084, 37
68.084, 37
68.084, 37
68.084, 37
68.084, 37
68.084, 37
68.084, 37
68.084, 37
68.084, 37
68.084, 37
68.084, 37
68.084, 37
68.084, 37
68.084, 37
68.084, 37
68.917, 37
68.917, 37
68.917, 37
68.917, 37
68.917, 37
68.917, 37
68.917, 37
68.917, 37
68.917, 37
68.917, 37
68.917, 37
68.917, 37
68.917, 37
68.917, 37
68.917, 37
68.917, 37
68.917, 37
68.917, 37
68.917, 37
68.917, 37
68.917, 37
68.917, 37
68.917, 37
68.917, 37
68.917, 37
68.917, 37
68.917, 37
68.917, 37
68.917, 37
68.917, 37
68.917, 37
68.538, 37
68.538, 37
68.538, 37
68.538, 37
68.538, 37
68.538, 37
68.538, 37
68.538, 37
68.538, 37
68.538, 37
68.538, 37
68.538, 37
68.538, 37
68.538, 37
68.538, 37
68.538, 37
68.538, 37
68.538, 37
68.538, 37
68.538, 37
68.538, 37
68.538, 37
68.538, 37
68.538, 37
68.538, 37
68.538, 37
68.538, 37
68.538, 37
68.538, 37
68.538, 37
68.538, 37
68.538, 37
68.538, 37
68.538, 37
68.538, 37
68.538, 37
68.538, 37
68.538, 37
68.538, 37
68.538, 37
68.538, 37
68.538, 37
68.538, 37
68.538, 37
68.538, 37
68.538, 37
68.538, 37
68.538, 37
68.538, 37
68.538, 37
68.538, 37
68.538, 37
68.538, 37
68.538, 37
68.538, 37
68.538, 37
68.538, 37
68.538, 37
68.538, 37
68.538, 37
68.538, 37
68.538, 37
69.390, 38
69.390, 38
69.390, 38
69.390, 38
69.390, 38
69.390, 38
69.390, 38
69.390, 38
69.390, 38
69.390, 38
69.390, 38
69.390, 38
69.390, 38
69.390, 38
69.390, 38
69.390, 38
69.390, 38
69.390, 38
69.390, 38
69.390, 38
69.390, 38
69.390, 38
69.390, 38
69.390, 38
69.390, 38
69.390, 38
69.390, 38
69.390, 38
69.390, 38
69.390, 38
69.390, 38
69.390, 38
69.106, 38
69.106, 38
69.106, 38
69.106, 38
69.106, 38
69.106, 38
69.106, 38
69.106, 38
69.106, 38
69.106, 38
69.106, 38
69.106, 38
69.106, 38
69.106, 38
69.106, 38
69.106, 38
69.106, 38
69.106, 38
69.106, 38
69.106, 38
69.106, 38
69.106, 38
69.106, 38
69.106, 38
69.106, 38
69.106, 38
69.106, 38
69.106, 38
69.106, 38
69.106, 38
69.106, 37
68.822, 37
68.822, 37
68.822, 37
68.822, 37
68.822, 37
68.822, 37
68.822, 37
68.822, 37
68.822, 37
68.822, 37
68.822, 37
68.822, 37
68.822, 37
68.822, 37
68.822, 37
68.822, 37
68.822, 37
68.822, 37
68.822, 37
68.822, 37
68.822, 37
68.822, 37
68.822, 37
68.822, 37
68.822, 37
68.822, 37
68.822, 37
68.822, 37
68.822, 37
68.822, 37
68.822, 37
69.485, 37
69.485, 37
69.485, 37
69.485, 37
69.485, 37
69.485, 37
69.485, 37
69.485, 37
69.485, 37
69.485, 37
69.485, 37
69.485, 37
69.485, 37
69.485, 37
69.485, 37
69.485, 37
69.485, 37
69.485, 37
69.485, 37
69.485, 37
69.485, 37
69.485, 37
69.485, 37
69.485, 37
69.485, 37
69.485, 37
69.485, 37
69.485, 37
69.485, 37
69.485, 37
69.485, 37
69.295, 37
69.295, 37
69.295, 37
69.295, 37
69.295, 37
69.295, 37
69.295, 37
69.295, 37
69.295, 37
69.295, 37
69.295, 37
69.295, 37
69.295, 37
69.295, 37
69.295, 37
69.295, 37
69.295, 37
69.295, 37
69.295, 37
69.295, 37
69.295, 37
69.295, 37
69.295, 37
69.295, 37
69.295, 37
69.295, 37
69.295, 37
69.295, 37
69.295, 37
69.295, 37
69.295, 37
69.011, 37
69.011, 37
69.011, 37
69.011, 37
69.011, 37
69.011, 37
69.011, 37
69.011, 37
69.011, 37
69.011, 37
69.011, 37
69.011, 37
69.011, 37
69.011, 37
69.011, 37
69.011, 37
69.011, 37
69.011, 37
69.011, 37
69.011, 37
69.011, 37
69.011, 37
69.011, 37
69.011, 37
69.011, 38
69.011, 38
69.011, 38
69.011, 38
69.011, 38
69.011, 38
69.011, 38
69.770, 38
69.770, 38
69.770, 38
69.770, 38
69.770, 38
69.770, 38
69.770, 38
69.770, 38
69.770, 38
69.770, 38
69.770, 38
69.770, 38
69.770, 38
69.770, 38
69.770, 38
69.770, 38
69.770, 38
69.770, 38
69.770, 38
69.770, 38
69.770, 38
69.770, 38
69.770, 38
69.770, 38
69.770, 38
69.770, 38
69.770, 38
69.770, 38
69.770, 38
69.770, 38
69.770, 38
69.390, 38
69.390, 38
69.390, 38
69.390, 38
69.390, 38
69.390, 38
69.390, 38
69.390, 38
69.390, 38
69.390, 38
69.390, 38
69.390, 38
69.390, 38
69.390, 38
69.390, 38
69.390, 38
69.390, 38
69.390, 38
69.390, 38
69.390, 38
69.390, 38
69.390, 38
69.390, 38
69.390, 38
69.390, 38
69.390, 38
69.390, 38
69.390, 38
69.390, 38
69.390, 38
69.106, 38
69.106, 38
69.106, 38
69.106, 38
69.106, 38
69.106, 38
69.106, 38
69.106, 38
69.106, 38
69.106, 38
69.106, 38
69.106, 38
69.106, 38
69.106, 38
69.106, 38
69.106, 38
69.106, 38
69.106, 38
69.106, 38
69.106, 38
69.106, 38
69.106, 38
69.106, 38
69.106, 38
69.106, 38
69.106, 38
69.106, 38
69.106, 38
69.106, 38
69.106, 38
69.106, 38
69.675, 38
69.675, 38
69.675, 38
69.675, 38
69.675, 38
69.675, 38
69.675, 38
69.675, 38
69.675, 38
69.675, 38
69.675, 38
69.675, 38
69.675, 38
69.675, 38
69.675, 38
69.675, 38
69.675, 38
69.675, 38
69.675, 38
69.675, 38
69.675, 38
69.675, 38
69.675, 38
69.675, 38
69.675, 38
69.675, 38
69.675, 38
69.675, 38
69.675, 38
69.675, 38
69.675, 38
69.390, 38
69.390, 38
69.390, 38
69.390, 38
69.390, 38
69.390, 38
69.390, 38
69.390, 38
69.390, 38
69.390, 38
69.390, 38
69.390, 38
69.390, 38
69.390, 38
69.390, 38
69.390, 38
69.390, 38
69.390, 38
69.390, 38
69.390, 38
69.390, 38
69.390, 38
69.390, 38
69.390, 38
69.390, 38
69.390, 38
69.390, 38
69.390, 38
69.390, 38
69.390, 38
69.106, 38
69.106, 38
69.106, 38
69.106, 38
69.106, 38
69.106, 38
69.106, 38
69.106, 38
69.106, 38
69.106, 38
69.106, 38
69.106, 38
69.106, 38
69.106, 38
69.106, 38
69.106, 38
69.106, 38
69.106, 38
69.106, 38
69.106, 38
69.106, 38
69.106, 38
69.106, 38
69.106, 38
69.106, 38
69.106, 38
69.106, 38
69.106, 38
69.106, 38
69.106, 38
69.106, 38
69.770, 38
69.770, 38
69.770, 38
69.770, 38
69.770, 38
69.770, 38
69.770, 38
69.770, 38
69.770, 38
69.770, 38
69.770, 38
69.770, 38
69.770, 38
69.770, 38
69.770, 38
69.770, 38
69.770, 38
69.770, 38
69.770, 38
69.770, 38
69.770, 38
69.770, 38
69.770, 38
69.770, 38
69.770, 38
69.770, 38
69.770, 38
69.770, 38
69.770, 38
69.770, 38
69.770, 38
71.522, 38
71.522, 38
71.522, 38
71.522, 38
71.522, 38
71.522, 38
71.522, 38
71.522, 38
71.522, 38
71.522, 38
71.522, 38
71.522, 38
71.522, 38
71.522, 38
71.522, 38
71.522, 38
71.522, 38
71.522, 38
71.522, 38
71.522, 38
71.522, 38
71.522, 38
71.522, 38
71.522, 38
71.522, 38
71.522, 38
71.522, 38
71.522, 38
71.522, 38
71.522, 38
71.522, 38
72.849, 38
72.849, 38
72.849, 38
72.849, 38
72.849, 38
72.849, 38
72.849, 38
72.849, 38
72.849, 38
72.849, 38
72.849, 38
72.849, 38
72.849, 38
72.849, 38
72.849, 38
72.849, 38
72.849, 38
72.849, 38
72.849, 38
72.849, 38
72.849, 38
72.849, 38
72.849, 38
72.849, 38
72.849, 38
72.849, 38
72.849, 38
72.849, 38
72.849, 38
72.849, 38
72.849, 38
73.842, 38
73.842, 38
73.842, 38
73.842, 38
73.842, 38
73.842, 38
73.842, 38
73.842, 38
73.842, 38
73.842, 38
73.842, 38
73.842, 38
73.842, 38
73.842, 38
73.842, 38
73.842, 38
73.842, 38
73.842, 38
73.842, 38
73.842, 38
73.842, 38
73.842, 38
73.842, 38
73.842, 38
73.842, 38
73.842, 38
73.842, 38
73.842, 38
73.842, 38
73.842, 38
73.842, 38
74.599, 38
74.599, 38
74.599, 38
74.599, 38
74.599, 38
74.599, 38
74.599, 38
74.599, 38
74.599, 38
74.599, 38
74.599, 38
74.599, 38
74.599, 38
74.599, 38
74.599, 38
74.599, 38
74.599, 38
74.599, 38
74.599, 38
74.599, 38
74.599, 38
74.599, 38
74.599, 38
74.599, 38
74.599, 38
74.599, 38
74.599, 38
74.599, 38
74.599, 38
74.599, 38
74.599, 38
75.263, 38
75.263, 38
75.263, 38
75.263, 38
75.263, 38
75.263, 38
75.263, 38
75.263, 38
75.263, 38
75.263, 38
75.263, 38
75.263, 38
75.263, 38
75.263, 38
75.263, 38
75.263, 38
75.263, 38
75.263, 38
75.263, 38
75.263, 38
75.263, 38
75.263, 38
75.263, 38
75.263, 38
75.263, 38
75.263, 38
75.263, 38
75.263, 38
75.263, 38
75.263, 38
75.263, 38
75.640, 38
75.640, 38
75.640, 38
75.640, 38
75.640, 38
75.640, 38
75.640, 38
75.640, 38
75.640, 38
75.640, 38
75.640, 38
75.640, 38
75.640, 38
75.640, 38
75.640, 38
75.640, 38
75.640, 38
75.640, 38
75.640, 38
75.640, 38
75.640, 38
75.640, 38
75.640, 38
75.640, 38
75.640, 38
75.640, 38
75.640, 38
75.640, 38
75.640, 38
75.640, 38
75.640, 38
75.924, 38
75.924, 38
75.924, 38
75.924, 38
75.924, 38
75.924, 38
75.924, 38
75.924, 38
75.924, 38
75.924, 38
75.924, 38
75.924, 38
75.924, 38
75.924, 38
75.924, 38
75.924, 38
75.924, 38
75.924, 38
75.924, 38
75.924, 38
75.924, 38
75.924, 38
75.924, 38
75.924, 38
75.924, 38
75.924, 38
75.924, 38
75.924, 38
75.924, 38
75.924, 38
75.924, 38
76.208, 38
76.208, 38
76.208, 38
76.208, 38
76.208, 38
76.208, 38
76.208, 38
76.208, 38
76.208, 38
76.208, 38
76.208, 38
76.208, 38
76.208, 38
76.208, 38
76.208, 38
76.208, 38
76.208, 38
76.208, 38
76.208, 38
76.208, 38
76.208, 38
76.208, 38
76.208, 38
76.208, 38
76.208, 38
76.208, 38
76.208, 38
76.208, 38
76.208, 38
76.208, 38
76.208, 38
76.282, 38
76.282, 38
76.282, 38
76.282, 38
76.282, 38
76.282, 38
76.282, 38
76.282, 38
76.282, 38
76.282, 38
76.282, 38
76.282, 38
76.282, 38
76.282, 38
76.282, 38
76.282, 38
76.282, 38
76.282, 38
76.282, 38
76.282, 38
76.282, 38
76.282, 38
76.282, 38
76.282, 38
76.282, 38
76.282, 38
76.282, 38
76.282, 38
76.282, 38
76.282, 38
76.282, 38
76.377, 38
76.377, 38
76.377, 38
76.377, 38
76.377, 38
76.377, 38
76.377, 38
76.377, 38
76.377, 38
76.377, 38
76.377, 38
76.377, 38
76.377, 38
76.377, 38
76.377, 38
76.377, 38
76.377, 38
76.377, 38
76.377, 38
76.377, 38
76.377, 38
76.377, 38
76.377, 38
76.377, 38
76.377, 38
76.377, 38
76.377, 38
76.377, 38
76.377, 38
76.377, 38
76.377, 38
76.398, 38
76.398, 38
76.398, 38
76.398, 38
76.398, 38
76.398, 38
76.398, 38
76.398, 38
76.398, 38
76.398, 38
76.398, 38
76.398, 38
76.398, 38
76.398, 38
76.398, 38
76.398, 38
76.398, 38
76.398, 38
76.398, 38
76.398, 38
76.398, 38
76.398, 38
76.398, 38
76.398, 38
76.398, 38
76.398, 38
76.398, 38
76.398, 38
76.398, 38
76.398, 38
76.398, 38
76.471, 38
76.471, 38
76.471, 38
76.471, 38
76.471, 38
76.471, 38
76.471, 38
76.471, 38
76.471, 38
76.471, 38
76.471, 38
76.471, 38
76.471, 38
76.471, 38
76.471, 38
76.471, 38
76.471, 38
76.471, 38
76.471, 38
76.471, 38
76.471, 38
76.471, 38
76.471, 38
76.471, 38
76.471, 38
76.471, 38
76.471, 38
76.471, 38
76.471, 38
76.471, 38
76.471, 38
76.471, 38
76.471, 38
76.471, 38
76.471, 38
76.471, 38
76.471, 38
76.471, 38
76.471, 38
76.471, 38
76.471, 38
76.471, 38
76.471, 38
76.471, 38
76.471, 38
76.471, 38
76.471, 38
76.471, 38
76.471, 38
76.471, 38
76.471, 38
76.471, 38
76.471, 38
76.471, 38
76.471, 38
76.471, 38
76.471, 38
76.471, 38
76.471, 38
76.471, 38
76.471, 38
76.471, 38
76.471, 38
76.471, 38
76.471, 38
76.471, 38
76.471, 38
76.471, 38
76.471, 38
76.471, 38
76.471, 38
76.471, 38
76.471, 38
76.471, 38
76.471, 38
76.471, 38
76.471, 38
76.471, 38
76.471, 38
76.471, 38
76.471, 38
76.471, 38
76.471, 38
76.471, 38
76.471, 38
76.471, 38
76.471, 38
76.471, 38
76.471, 38
76.471, 38
76.471, 38
76.471, 38
76.471, 38
76.471, 38
76.471, 38
76.471, 38
76.471, 38
76.471, 38
76.471, 38
76.471, 38
76.471, 38
76.471, 38
76.471, 38
76.471, 38
76.471, 38
76.471, 38
76.471, 38
76.471, 38
76.471, 38
76.471, 38
76.471, 38
76.471, 38
76.471, 38
76.471, 38
76.471, 38
76.471, 38
76.471, 38
76.471, 38
76.471, 38
76.471, 38
76.471, 38
76.471, 38
76.471, 38
76.471, 38
76.443, 38
76.443, 38
76.443, 38
76.443, 38
76.443, 38
76.443, 38
76.443, 38
76.443, 38
76.443, 38
76.443, 38
76.443, 38
76.443, 38
76.443, 38
76.443, 38
76.443, 38
76.443, 38
76.443, 38
76.443, 38
76.443, 38
76.443, 38
76.443, 38
76.443, 38
76.443, 38
76.443, 38
76.443, 38
76.443, 38
76.443, 38
76.443, 38
76.443, 38
76.443, 38
76.443, 38
76.443, 38
76.443, 38
76.443, 38
76.443, 38
76.443, 38
76.443, 38
76.443, 38
76.443, 38
76.443, 38
76.443, 38
76.443, 38
76.443, 38
76.443, 38
76.443, 38
76.443, 38
76.443, 38
76.443, 38
76.443, 38
76.443, 38
76.443, 38
76.443, 38
76.443, 38
76.443, 38
76.443, 38
76.443, 38
76.443, 38
76.443, 38
76.443, 38
76.443, 38
76.443, 38
76.443, 38
76.539, 38
76.539, 38
76.539, 38
76.539, 38
76.539, 38
76.539, 38
76.539, 38
76.539, 38
76.539, 38
76.539, 38
76.539, 38
76.539, 38
76.539, 38
76.539, 38
76.539, 38
76.539, 38
76.539, 38
76.539, 38
76.539, 38
76.539, 38
76.539, 38
76.539, 38
76.539, 38
76.539, 38
76.539, 38
76.539, 38
76.539, 38
76.539, 38
76.539, 38
76.539, 38
76.539, 38
76.539, 38
76.539, 38
76.539, 38
76.539, 38
76.539, 38
76.539, 38
76.539, 38
76.539, 38
76.539, 38
76.539, 38
76.539, 38
76.539, 38
76.539, 38
76.539, 38
76.539, 38
76.539, 38
76.539, 38
76.539, 38
76.539, 38
76.539, 38
76.539, 38
76.539, 38
76.539, 38
76.539, 38
76.539, 38
76.539, 38
76.539, 38
76.539, 38
76.539, 38
76.539, 38
76.539, 38
76.633, 38
76.633, 38
76.633, 38
76.633, 38
76.633, 38
76.633, 38
76.633, 38
76.633, 38
76.633, 38
76.633, 38
76.633, 38
76.633, 38
76.633, 38
76.633, 38
76.633, 38
76.633, 38
76.633, 38
76.633, 38
76.633, 38
76.633, 38
76.633, 38
76.633, 38
76.633, 38
76.633, 38
76.633, 38
76.633, 38
76.633, 38
76.633, 38
76.633, 38
76.633, 38
76.633, 38
76.633, 38
76.633, 38
76.633, 38
76.633, 38
76.633, 38
76.633, 38
76.633, 38
76.633, 38
76.633, 38
76.633, 38
76.633, 38
76.633, 38
76.633, 38
76.633, 38
76.633, 38
76.633, 38
76.633, 38
76.633, 38
76.633, 38
76.633, 38
76.633, 38
76.633, 38
76.633, 38
76.633, 38
76.633, 38
76.633, 38
76.633, 38
76.633, 38
76.633, 38
76.633, 38
76.633, 38
76.633, 38
76.633, 38
76.633, 38
76.633, 38
76.633, 38
76.633, 38
76.633, 38
76.633, 38
76.633, 38
76.633, 38
76.633, 38
76.633, 38
76.633, 38
76.633, 38
76.633, 38
76.633, 38
76.633, 38
76.633, 38
76.633, 38
76.633, 38
76.633, 38
76.633, 38
76.633, 38
76.633, 38
76.633, 38
76.633, 38
76.633, 38
76.633, 38
76.633, 38
76.633, 38
76.727, 38
76.727, 38
76.727, 38
76.727, 38
76.727, 38
76.727, 38
76.727, 38
76.727, 38
76.727, 38
76.727, 38
76.727, 38
76.727, 38
76.727, 38
76.727, 38
76.727, 38
76.727, 38
76.727, 38
76.727, 38
76.727, 38
76.727, 38
76.727, 38
76.727, 38
76.727, 38
76.727, 38
76.727, 38
76.727, 38
76.727, 38
76.727, 38
76.727, 38
76.727, 38
76.727, 38
76.565, 38
76.565, 38
76.565, 38
76.565, 38
76.565, 38
76.565, 38
76.565, 38
76.565, 38
76.565, 38
76.565, 38
76.565, 38
76.565, 38
76.565, 38
76.565, 38
76.565, 38
76.565, 38
76.565, 38
76.565, 38
76.565, 38
76.565, 38
76.565, 38
76.565, 38
76.565, 38
76.565, 38
76.565, 38
76.565, 38
76.565, 38
76.565, 38
76.565, 38
76.565, 38
76.565, 38
72.090, 38
72.090, 38
72.090, 38
72.090, 38
72.090, 38
72.090, 38
72.090, 38
72.090, 38
72.090, 38
72.090, 38
72.090, 38
72.090, 38
72.090, 38
72.090, 38
72.090, 38
72.090, 38
72.090, 38
72.090, 38
72.090, 38
72.090, 38
72.090, 38
72.090, 38
72.090, 38
72.090, 38
72.090, 38
72.090, 38
72.090, 38
72.090, 38
72.090, 38
72.090, 38
72.090, 38
66.874, 38
66.874, 38
66.874, 38
66.874, 38
66.874, 38
66.874, 38
66.874, 38
66.874, 38
66.874, 38
66.874, 38
66.874, 38
66.874, 38
66.874, 38
66.874, 38
66.874, 38
66.874, 38
66.874, 38
66.874, 38
66.874, 38
66.874, 38
66.874, 38
66.874, 38
66.874, 38
66.874, 38
66.874, 38
66.874, 38
66.874, 38
66.874, 38
66.874, 38
66.874, 38
66.874, 38
63.025, 38
63.025, 38
63.025, 38
63.025, 38
63.025, 38
63.025, 38
63.025, 38
63.025, 38
63.025, 38
63.025, 38
63.025, 38
63.025, 38
63.025, 38
63.025, 38
63.025, 38
63.025, 38
63.025, 38
63.025, 38
63.025, 38
63.025, 38
63.025, 38
63.025, 38
63.025, 38
63.025, 38
63.025, 38
63.025, 38
63.025, 38
63.025, 38
63.025, 38
63.025, 38
63.025, 38
60.216, 38
60.216, 38
60.216, 38
60.216, 38
60.216, 38
60.216, 38
60.216, 38
60.216, 38
60.216, 38
60.216, 38
60.216, 38
60.216, 38
60.216, 38
60.216, 38
60.216, 38
60.216, 38
60.216, 38
60.216, 38
60.216, 38
60.216, 38
60.216, 38
60.216, 38
60.216, 38
60.216, 38
60.216, 38
60.216, 38
60.216, 38
60.216, 38
60.216, 38
60.216, 38
58.051, 38
58.051, 38
58.051, 38
58.051, 38
58.051, 38
58.051, 38
58.051, 38
58.051, 38
58.051, 38
58.051, 38
58.051, 38
58.051, 38
58.051, 38
58.051, 38
58.051, 38
58.051, 38
58.051, 38
58.051, 38
58.051, 38
58.051, 38
58.051, 38
58.051, 38
58.051, 38
58.051, 38
58.051, 38
58.051, 38
58.051, 38
58.051, 38
58.051, 38
58.051, 38
58.051, 38
56.455, 38
56.455, 38
56.455, 38
56.455, 38
56.455, 38
56.455, 38
56.455, 38
56.455, 38
56.455, 38
56.455, 38
56.455, 38
56.455, 38
56.455, 38
56.455, 38
56.455, 38
56.455, 38
56.455, 38
56.455, 38
56.455, 38
56.455, 38
56.455, 38
56.455, 38
56.455, 38
56.455, 38
56.455, 38
56.455, 38
56.455, 38
56.455, 38
56.455, 38
56.455, 38
56.455, 38
55.332, 38
55.332, 38
55.332, 38
55.332, 38
55.332, 38
55.332, 38
55.332, 38
55.332, 38
55.332, 38
55.332, 38
55.332, 38
55.332, 38
55.332, 38
55.332, 38
55.332, 38
55.332, 38
55.332, 38
55.332, 38
55.332, 38
55.332, 38
55.332, 38
55.332, 38
55.332, 38
55.332, 38
55.332, 38
55.332, 38
55.332, 38
55.332, 38
55.332, 38
55.332, 38
54.477, 38
54.477, 38
54.477, 38
54.477, 38
54.477, 38
54.477, 38
54.477, 38
54.477, 38
54.477, 38
54.477, 38
54.477, 38
54.477, 38
54.477, 38
54.477, 38
54.477, 38
54.477, 38
54.477, 38
54.477, 38
54.477, 38
54.477, 38
54.477, 38
54.477, 38
54.477, 38
54.477, 38
54.477, 38
54.477, 38
54.477, 38
54.477, 38
54.477, 38
54.477, 38
54.477, 38
53.829, 38
53.829, 38
53.829, 38
53.829, 38
53.829, 38
53.829, 38
53.829, 38
53.829, 38
53.829, 38
53.829, 38
53.829, 38
53.829, 38
53.829, 38
53.829, 38
53.829, 38
53.829, 38
53.829, 38
53.829, 38
53.829, 38
53.829, 38
53.829, 38
53.829, 38
53.829, 38
53.829, 38
53.829, 38
53.829, 38
53.829, 38
53.829, 38
53.829, 38
53.829, 38
53.829, 38
53.352, 38
53.352, 38
53.352, 38
53.352, 38
53.352, 38
53.352, 38
53.352, 38
53.352, 38
53.352, 38
53.352, 38
53.352, 38
53.352, 38
53.352, 38
53.352, 38
53.352, 38
53.352, 38
53.352, 38
53.352, 38
53.352, 38
53.352, 38
53.352, 38
53.352, 38
53.352, 38
53.352, 38
53.352, 38
53.352, 38
53.352, 38
53.352, 38
53.352, 38
53.352, 38
52.989, 38
52.989, 38
52.989, 38
52.989, 38
52.989, 38
52.989, 38
52.989, 38
52.989, 38
52.989, 38
52.989, 38
52.989, 38
52.989, 38
52.989, 38
52.989, 38
52.989, 38
52.989, 38
52.989, 38
52.989, 38
52.989, 38
52.989, 38
52.989, 38
52.989, 38
52.989, 38
52.989, 38
52.989, 38
52.989, 38
52.989, 38
52.989, 38
52.989, 38
52.989, 38
52.705, 38
52.705, 38
52.705, 38
52.705, 38
52.705, 38
52.705, 38
52.705, 38
52.705, 38
52.705, 38
52.705, 38
52.705, 38
52.705, 38
52.705, 38
52.705, 38
52.705, 38
52.705, 38
52.705, 38
52.705, 38
52.705, 38
52.705, 38
52.705, 38
52.705, 38
52.705, 38
52.705, 38
52.705, 38
52.705, 38
52.705, 38
52.705, 38
52.705, 38
52.705, 38
52.705, 38
52.419, 38
52.419, 38
52.419, 38
52.419, 38
52.419, 38
52.419, 38
52.419, 38
52.419, 38
52.419, 38
52.419, 38
52.419, 38
52.419, 38
52.419, 38
52.419, 38
52.419, 38
52.419, 38
52.419, 38
52.419, 38
52.419, 38
52.419, 38
52.419, 38
52.419, 38
52.419, 38
52.419, 38
52.419, 38
52.419, 38
52.419, 38
52.419, 38
52.419, 38
52.419, 38
52.419, 38
52.324, 38
52.324, 38
52.324, 38
52.324, 38
52.324, 38
52.324, 38
52.324, 38
52.324, 38
52.324, 38
52.324, 38
52.324, 38
52.324, 38
52.324, 38
52.324, 38
52.324, 38
52.324, 38
52.324, 38
52.324, 38
52.324, 38
52.324, 38
52.324, 38
52.324, 38
52.324, 38
52.324, 38
52.324, 38
52.324, 38
52.324, 38
52.324, 38
52.324, 38
52.324, 38
52.324, 38
52.229, 38
52.229, 38
52.229, 38
52.229, 38
52.229, 38
52.229, 38
52.229, 38
52.229, 38
52.229, 38
52.229, 38
52.229, 38
52.229, 38
52.229, 38
52.229, 38
52.229, 38
52.229, 38
52.229, 38
52.229, 38
52.229, 38
52.229, 38
52.229, 38
52.229, 38
52.229, 38
52.229, 38
52.229, 38
52.229, 38
52.229, 38
52.229, 38
52.229, 38
52.229, 38
52.229, 38
52.039, 38
52.039, 38
52.039, 38
52.039, 38
52.039, 38
52.039, 38
52.039, 38
52.039, 38
52.039, 38
52.039, 38
52.039, 38
52.039, 38
52.039, 38
52.039, 38
52.039, 38
52.039, 38
52.039, 38
52.039, 38
52.039, 38
52.039, 38
52.039, 38
52.039, 38
52.039, 38
52.039, 38
52.039, 38
52.039, 38
52.039, 38
52.039, 38
52.039, 38
52.039, 38
52.039, 38
51.658, 38
51.658, 38
51.658, 38
51.658, 38
51.658, 38
51.658, 38
51.658, 38
51.658, 38
51.658, 38
51.658, 38
51.658, 38
51.658, 38
51.658, 38
51.658, 38
51.658, 38
51.658, 38
51.658, 38
51.658, 38
51.658, 38
51.658, 38
51.658, 38
51.658, 38
51.658, 38
51.658, 38
51.658, 38
51.658, 38
51.658, 38
51.658, 38
51.658, 38
51.658, 38
51.104, 38
51.104, 38
51.104, 38
51.104, 38
51.104, 38
51.104, 38
51.104, 38
51.104, 38
51.104, 38
51.104, 38
51.104, 38
51.104, 38
51.104, 38
51.104, 38
51.104, 38
51.104, 38
51.104, 38
51.104, 38
51.104, 38
51.104, 38
51.104, 38
51.104, 38
51.104, 38
51.104, 38
51.104, 38
51.104, 38
51.104, 38
51.104, 38
51.104, 38
51.104, 38
51.104, 38
50.628, 38
50.628, 38
50.628, 38
50.628, 38
50.628, 38
50.628, 38
50.628, 38
50.628, 38
50.628, 38
50.628, 38
50.628, 38
50.628, 38
50.628, 38
50.628, 38
50.628, 38
50.628, 38
50.628, 38
50.628, 38
50.628, 38
50.628, 38
50.628, 38
50.628, 38
50.628, 38
50.628, 38
50.628, 38
50.628, 38
50.628, 38
50.628, 38
50.628, 38
50.628, 38
50.628, 38
50.247, 38
50.247, 38
50.247, 38
50.247, 38
50.247, 38
50.247, 38
50.247, 38
50.247, 38
50.247, 38
50.247, 38
50.247, 38
50.247, 38
50.247, 38
50.247, 38
50.247, 38
50.247, 38
50.247, 38
50.247, 38
50.247, 38
50.247, 38
50.247, 38
50.247, 38
50.247, 38
50.247, 38
50.247, 38
50.247, 38
50.247, 38
50.247, 38
50.247, 38
50.247, 38
50.247, 38
49.979, 38
49.979, 38
49.979, 38
49.979, 38
49.979, 38
49.979, 38
49.979, 38
49.979, 38
49.979, 38
49.979, 38
49.979, 38
49.979, 38
49.979, 38
49.979, 38
49.979, 38
49.979, 38
49.979, 38
49.979, 38
49.979, 38
49.979, 38
49.979, 38
49.979, 38
49.979, 38
49.979, 38
49.979, 38
49.979, 38
49.979, 38
49.979, 38
49.788, 38
49.788, 38
49.788, 38
49.788, 38
49.788, 38
49.788, 38
49.788, 38
49.788, 38
49.788, 38
49.788, 38
49.788, 38
49.788, 38
49.788, 38
49.788, 38
49.788, 38
49.788, 38
49.788, 38
49.788, 38
49.788, 38
49.788, 38
49.788, 38
49.788, 38
49.788, 38
49.788, 38
49.788, 38
49.788, 38
49.788, 38
49.788, 38
49.788, 38
49.788, 38
49.788, 38
49.598, 38
49.598, 38
49.598, 38
49.598, 38
49.598, 38
49.598, 38
49.598, 38
49.598, 38
49.598, 38
49.598, 38
49.598, 38
49.598, 38
49.598, 38
49.598, 38
49.598, 38
49.598, 38
49.598, 38
49.598, 38
49.598, 38
49.598, 38
49.598, 38
49.598, 38
49.598, 38
49.598, 38
49.598, 38
49.598, 38
49.598, 38
49.598, 38
49.598, 38
49.598, 38
49.598, 38
49.503, 38
49.503, 38
49.503, 38
49.503, 38
49.503, 38
49.503, 38
49.503, 38
49.503, 38
49.503, 38
49.503, 38
49.503, 38
49.503, 38
49.503, 38
49.503, 38
49.503, 38
49.503, 38
49.503, 38
49.503, 38
49.503, 38
49.503, 38
49.503, 38
49.503, 38
49.503, 38
49.503, 38
49.503, 38
49.503, 38
49.503, 38
49.503, 38
49.503, 38
49.503, 38
49.503, 38
49.503, 38
49.503, 38
49.503, 38
49.503, 38
49.503, 38
49.503, 38
49.503, 38
49.503, 38
49.503, 38
49.503, 38
49.503, 38
49.503, 38
49.503, 38
49.503, 38
49.503, 38
49.503, 38
49.503, 38
49.503, 38
49.503, 38
49.503, 38
49.503, 38
49.503, 38
49.503, 38
49.503, 38
49.503, 38
49.503, 38
49.503, 38
49.503, 38
49.503, 38
49.503, 38
49.503, 38
49.311, 38
49.311, 38
49.311, 38
49.311, 38
49.311, 38
49.311, 38
49.311, 38
49.311, 38
49.311, 38
49.311, 38
49.311, 38
49.311, 38
49.311, 38
49.311, 38
49.311, 38
49.311, 38
49.311, 38
49.311, 38
49.311, 38
49.311, 38
49.311, 38
49.311, 38
49.311, 38
49.311, 38
49.311, 38
49.311, 38
49.311, 38
49.311, 38
49.311, 38
49.311, 38
49.311, 38
49.311, 38
49.311, 38
49.311, 38
49.311, 38
49.311, 38
49.311, 38
49.311, 38
49.311, 38
49.311, 38
49.311, 38
49.311, 38
49.311, 38
49.311, 38
49.311, 38
49.311, 38
49.311, 38
49.311, 38
49.311, 38
49.311, 38
49.311, 38
49.311, 38
49.311, 38
49.311, 38
49.311, 38
49.311, 38
49.311, 38
49.311, 38
49.311, 38
49.311, 38
49.311, 38
49.311, 38
49.216, 38
49.216, 38
49.216, 38
49.216, 38
49.216, 38
49.216, 38
49.216, 38
49.216, 38
49.216, 38
49.216, 38
49.216, 38
49.216, 38
49.216, 38
49.216, 38
49.216, 38
49.216, 38
49.216, 38
49.216, 38
49.216, 38
49.216, 38
49.216, 38
49.216, 38
49.216, 38
49.216, 38
49.216, 38
49.216, 38
49.216, 38
49.216, 38
49.216, 38
49.216, 38
49.216, 38
47.614, 38
47.614, 38
47.614, 38
47.614, 38
47.614, 38
47.614, 38
47.614, 38
47.614, 38
47.614, 38
47.614, 38
47.614, 38
47.614, 38
47.614, 38
47.614, 38
47.614, 38
47.614, 38
47.614, 38
47.614, 38
47.614, 38
47.614, 38
47.614, 38
47.614, 38
47.614, 38
47.614, 38
47.614, 38
47.614, 38
47.614, 38
47.614, 38
47.614, 38
47.614, 38
47.614, 38
46.392, 38
46.392, 38
46.392, 38
46.392, 38
46.392, 38
46.392, 38
46.392, 38
46.392, 38
46.392, 38
46.392, 38
46.392, 38
46.392, 38
46.392, 38
46.392, 38
46.392, 38
46.392, 38
46.392, 38
46.392, 38
46.392, 38
46.392, 38
46.392, 38
46.392, 38
46.392, 38
46.392, 38
46.392, 38
46.392, 38
46.392, 38
46.392, 38
46.392, 38
46.392, 38
46.392, 38
45.346, 38
45.346, 38
45.346, 38
45.346, 38
45.346, 38
45.346, 38
45.346, 38
45.346, 38
45.346, 38
45.346, 38
45.346, 38
45.346, 38
45.346, 38
45.346, 38
45.346, 38
45.346, 38
45.346, 38
45.346, 38
45.346, 38
45.346, 38
45.346, 38
45.346, 38
45.346, 38
45.346, 38
45.346, 38
45.346, 38
45.346, 38
45.346, 38
45.346, 38
45.346, 38
45.346, 38
44.613, 38
44.613, 38
44.613, 38
44.613, 38
44.613, 38
44.613, 38
44.613, 38
44.613, 38
44.613, 38
44.613, 38
44.613, 38
44.613, 38
44.613, 38
44.613, 38
44.613, 38
44.613, 38
44.613, 38
44.613, 38
44.613, 38
44.613, 38
44.613, 38
44.613, 38
44.613, 38
44.613, 38
44.613, 38
44.613, 38
44.613, 38
44.613, 38
44.613, 38
44.613, 38
44.041, 38
44.041, 38
44.041, 38
44.041, 38
44.041, 38
44.041, 38
44.041, 38
44.041, 38
44.041, 38
44.041, 38
44.041, 38
44.041, 38
44.041, 38
44.041, 38
44.041, 38
44.041, 38
44.041, 38
44.041, 38
44.041, 38
44.041, 38
44.041, 38
44.041, 38
44.041, 38
44.041, 38
44.041, 38
44.041, 38
44.041, 38
44.041, 38
44.041, 38
44.041, 38
43.659, 38
43.659, 38
43.659, 38
43.659, 38
43.659, 38
43.659, 38
43.659, 38
43.659, 38
43.659, 38
43.659, 38
43.659, 38
43.659, 38
43.659, 38
43.659, 38
43.659, 38
43.659, 38
43.659, 38
43.659, 38
43.659, 38
43.659, 38
43.659, 38
43.659, 38
43.659, 38
43.659, 38
43.659, 38
43.659, 38
43.659, 38
43.659, 38
43.659, 38
43.659, 38
43.659, 38
43.279, 38
43.279, 38
43.279, 38
43.279, 38
43.279, 38
43.279, 38
43.279, 38
43.279, 38
43.279, 38
43.279, 38
43.279, 38
43.279, 38
43.279, 38
43.279, 38
43.279, 38
43.279, 38
43.279, 38
43.279, 38
43.279, 38
43.279, 38
43.279, 38
43.279, 38
43.279, 38
43.279, 38
43.279, 38
43.279, 38
43.279, 38
43.279, 38
43.279, 38
43.279, 38
43.279, 38
43.182, 38
43.182, 38
43.182, 38
43.182, 38
43.182, 38
43.182, 38
43.182, 38
43.182, 38
43.182, 38
43.182, 38
43.182, 38
43.182, 38
43.182, 38
43.182, 38
43.182, 38
43.182, 38
43.182, 38
43.182, 38
43.182, 38
43.182, 38
43.182, 38
43.182, 38
43.182, 38
43.182, 38
43.182, 38
43.182, 38
43.182, 38
43.182, 38
43.182, 38
43.182, 38
42.898, 38
42.898, 38
42.898, 38
42.898, 38
42.898, 38
42.898, 38
42.898, 38
42.898, 38
42.898, 38
42.898, 38
42.898, 38
42.898, 38
42.898, 38
42.898, 38
42.898, 38
42.898, 38
42.898, 38
42.898, 38
42.898, 38
42.898, 38
42.898, 38
42.898, 38
42.898, 38
42.898, 38
42.898, 38
42.898, 38
42.898, 38
42.898, 38
42.898, 38
42.898, 38
42.898, 38
42.898, 38
42.898, 38
42.898, 38
42.898, 38
42.898, 38
42.898, 38
42.898, 38
42.898, 38
42.898, 38
42.898, 38
42.898, 38
42.898, 38
42.898, 38
42.898, 38
42.898, 38
42.898, 38
42.898, 38
42.898, 38
42.898, 38
42.898, 38
42.898, 38
42.898, 38
42.898, 38
42.898, 38
42.898, 38
42.898, 38
42.898, 38
42.898, 38
42.898, 38
42.898, 38
42.708, 38
42.708, 38
42.708, 38
42.708, 38
42.708, 38
42.708, 38
42.708, 38
42.708, 38
42.708, 38
42.708, 38
42.708, 38
42.708, 38
42.708, 38
42.708, 38
42.708, 38
42.708, 38
42.708, 38
42.708, 38
42.708, 38
42.708, 38
42.708, 38
42.708, 38
42.708, 38
42.708, 38
42.708, 38
42.708, 38
42.708, 38
42.708, 38
42.708, 38
42.708, 38
42.708, 38
42.611, 38
42.611, 38
42.611, 38
42.611, 38
42.611, 38
42.611, 38
42.611, 38
42.611, 38
42.611, 38
42.611, 38
42.611, 38
42.611, 38
42.611, 38
42.611, 38
42.611, 38
42.611, 38
42.611, 38
42.611, 38
42.611, 38
42.611, 38
42.611, 38
42.611, 38
42.611, 38
42.611, 38
42.611, 38
42.611, 38
42.611, 38
42.611, 38
42.611, 38
42.611, 38
42.611, 38
42.611, 38
42.611, 38
42.611, 38
42.611, 38
42.611, 38
42.611, 38
42.611, 38
42.611, 38
42.611, 38
42.611, 38
42.611, 38
42.611, 38
42.611, 38
42.611, 38
42.611, 38
42.611, 38
42.611, 38
42.611, 38
42.611, 38
42.611, 38
42.611, 38
42.611, 38
42.611, 38
42.611, 38
42.611, 38
42.611, 38
42.611, 38
42.611, 38
42.611, 38
42.611, 38
42.611, 38
42.611, 38
42.611, 38
42.611, 38
42.611, 38
42.611, 38
42.611, 38
42.611, 38
42.611, 38
42.611, 38
42.611, 38
42.611, 38
42.611, 38
42.611, 38
42.611, 38
42.611, 38
42.611, 38
42.611, 38
42.611, 38
42.611, 38
42.611, 38
42.611, 38
42.611, 38
42.611, 38
