number of samples, 1937
 timeElapsed:, 968.4 
    

54.113, 37
54.113, 37
54.113, 37
54.113, 37
54.113, 37
54.113, 37
54.113, 37
54.113, 37
54.113, 37
54.113, 37
54.113, 37
54.113, 37
54.113, 37
55.049, 37
55.049, 37
55.049, 37
55.049, 37
55.049, 37
55.049, 37
55.049, 37
55.049, 37
55.049, 37
55.049, 37
55.049, 37
55.049, 37
55.049, 37
55.049, 37
55.049, 37
55.049, 37
55.049, 37
55.049, 37
55.049, 37
55.049, 37
55.049, 37
55.049, 37
55.049, 37
55.049, 37
55.049, 37
55.049, 37
55.049, 37
55.049, 37
55.049, 37
55.049, 37
55.049, 37
60.411, 37
60.411, 37
60.411, 37
60.411, 37
60.411, 37
60.411, 37
60.411, 37
60.411, 37
60.411, 37
60.411, 37
60.411, 37
60.411, 37
60.411, 37
60.411, 37
60.411, 37
60.411, 37
60.411, 37
60.411, 37
60.411, 37
60.411, 37
60.411, 37
60.411, 37
60.411, 37
60.411, 37
60.411, 37
60.411, 37
60.411, 37
60.411, 37
60.411, 37
64.430, 37
64.430, 37
64.430, 37
64.430, 37
64.430, 37
64.430, 37
64.430, 37
64.430, 37
64.430, 37
64.430, 37
64.430, 37
64.430, 37
64.430, 37
64.430, 37
64.430, 37
64.430, 37
64.430, 37
64.430, 37
64.430, 37
64.430, 37
64.430, 37
64.430, 37
64.430, 37
64.430, 37
64.430, 37
64.430, 37
64.430, 37
64.430, 37
64.430, 37
64.430, 37
67.449, 37
67.449, 37
67.449, 37
67.449, 37
67.449, 37
67.449, 37
67.449, 37
67.449, 37
67.449, 37
67.449, 37
67.449, 37
67.449, 37
67.449, 37
67.449, 37
67.449, 37
67.449, 37
67.449, 37
67.449, 37
67.449, 37
67.449, 37
67.449, 37
67.449, 37
67.449, 37
67.449, 37
67.449, 37
67.449, 37
67.449, 37
67.449, 37
67.449, 37
67.449, 37
67.449, 37
69.774, 37
69.774, 37
69.774, 37
69.774, 37
69.774, 37
69.774, 37
69.774, 37
69.774, 37
69.774, 37
69.774, 37
69.774, 37
69.774, 37
69.774, 37
69.774, 37
69.774, 37
69.774, 37
69.774, 37
69.774, 37
69.774, 37
69.774, 37
69.774, 37
69.774, 37
69.774, 37
69.774, 37
69.774, 37
69.774, 37
69.774, 37
69.774, 37
69.774, 37
69.774, 37
69.774, 37
71.360, 37
71.360, 37
71.360, 37
71.360, 37
71.360, 37
71.360, 37
71.360, 37
71.360, 37
71.360, 37
71.360, 37
71.360, 37
71.360, 37
71.360, 37
71.360, 37
71.360, 37
71.360, 37
71.360, 37
71.360, 37
71.360, 37
71.360, 37
71.360, 37
71.360, 37
71.360, 37
71.360, 37
71.360, 37
71.360, 37
71.360, 37
71.360, 37
71.360, 37
71.360, 37
71.360, 37
71.360, 37
72.760, 37
72.760, 37
72.760, 37
72.760, 37
72.760, 37
72.760, 37
72.760, 37
72.760, 37
72.760, 37
72.760, 37
72.760, 37
72.760, 37
72.760, 37
72.760, 37
72.760, 37
72.760, 37
72.760, 37
72.760, 37
72.760, 37
72.760, 37
72.760, 37
72.760, 37
72.760, 37
72.760, 37
72.760, 37
72.760, 37
72.760, 37
72.760, 37
72.760, 37
72.760, 37
72.760, 37
73.775, 37
73.775, 37
73.775, 37
73.775, 37
73.775, 37
73.775, 37
73.775, 37
73.775, 37
73.775, 37
73.775, 37
73.775, 37
73.775, 37
73.775, 37
73.775, 37
73.775, 37
73.775, 37
73.775, 37
73.775, 37
73.775, 37
73.775, 37
73.775, 37
73.775, 37
73.775, 37
73.775, 37
73.775, 37
73.775, 37
73.775, 37
73.775, 37
73.775, 37
73.775, 37
73.775, 37
74.437, 37
74.437, 37
74.437, 37
74.437, 37
74.437, 37
74.437, 37
74.437, 37
74.437, 37
74.437, 37
74.437, 37
74.437, 37
74.437, 37
74.437, 37
74.437, 37
74.437, 37
74.437, 37
74.437, 37
74.437, 37
74.437, 37
74.437, 37
74.437, 37
74.437, 37
74.437, 37
74.437, 37
74.437, 37
74.437, 37
74.437, 37
74.437, 37
75.100, 37
75.100, 37
75.100, 37
75.100, 37
75.100, 37
75.100, 37
75.100, 37
75.100, 37
75.100, 37
75.100, 37
75.100, 37
75.100, 37
75.100, 37
75.100, 37
75.100, 37
75.100, 37
75.100, 37
75.100, 37
75.100, 37
75.100, 37
75.100, 37
75.100, 37
75.100, 37
75.100, 37
75.100, 37
75.100, 37
75.100, 37
75.100, 37
75.100, 37
75.100, 37
75.100, 37
75.552, 37
75.552, 37
75.552, 37
75.552, 37
75.552, 37
75.552, 37
75.552, 37
75.552, 37
75.552, 37
75.552, 37
75.552, 37
75.552, 37
75.552, 37
75.552, 37
75.552, 37
75.552, 37
75.552, 37
75.552, 37
75.552, 37
75.552, 37
75.552, 37
75.552, 37
75.552, 37
75.552, 37
75.552, 37
75.552, 37
75.552, 37
75.552, 37
75.552, 37
75.552, 37
75.552, 37
75.836, 37
75.836, 37
75.836, 37
75.836, 37
75.836, 37
75.836, 37
75.836, 37
75.836, 37
75.836, 37
75.836, 37
75.836, 37
75.836, 37
75.836, 37
75.836, 37
75.836, 37
75.836, 37
75.836, 37
75.836, 37
75.836, 37
75.836, 37
75.836, 37
75.836, 37
75.836, 37
75.836, 37
75.836, 37
75.836, 37
75.836, 37
75.836, 37
75.836, 37
75.836, 37
75.836, 37
76.119, 37
76.119, 37
76.119, 37
76.119, 37
76.119, 37
76.119, 37
76.119, 37
76.119, 37
76.119, 37
76.119, 37
76.119, 37
76.119, 37
76.119, 37
76.119, 37
76.119, 37
76.119, 37
76.119, 37
76.119, 37
76.119, 37
76.119, 37
76.119, 37
76.119, 37
76.119, 37
76.119, 37
76.119, 37
76.119, 37
76.119, 37
76.119, 37
76.119, 37
76.119, 37
76.119, 37
76.404, 37
76.404, 37
76.404, 37
76.404, 37
76.404, 37
76.404, 37
76.404, 37
76.404, 37
76.404, 37
76.404, 37
76.404, 37
76.404, 37
76.404, 37
76.404, 37
76.404, 37
76.404, 37
76.404, 37
76.404, 37
76.404, 37
76.404, 37
76.404, 37
76.404, 37
76.404, 37
76.404, 37
76.404, 37
76.404, 37
76.404, 37
76.404, 37
76.404, 37
76.404, 37
76.404, 37
76.593, 37
76.593, 37
76.593, 37
76.593, 37
76.593, 37
76.593, 37
76.593, 37
76.593, 37
76.593, 37
76.593, 37
76.593, 37
76.593, 37
76.593, 37
76.593, 37
76.593, 37
76.593, 37
76.593, 37
76.593, 37
76.593, 37
76.593, 37
76.593, 37
76.593, 37
76.593, 37
76.593, 37
76.593, 37
76.593, 37
76.593, 37
76.593, 37
76.593, 37
76.593, 37
76.593, 37
76.781, 37
76.781, 37
76.781, 37
76.781, 37
76.781, 37
76.781, 37
76.781, 37
76.781, 37
76.781, 37
76.781, 37
76.781, 37
76.781, 37
76.781, 37
76.781, 37
76.781, 37
76.781, 37
76.781, 37
76.781, 37
76.781, 37
76.781, 37
76.781, 37
76.781, 37
76.781, 37
76.781, 37
76.781, 37
76.781, 37
76.781, 37
76.781, 37
76.781, 37
76.781, 37
76.752, 37
76.752, 37
76.752, 37
76.752, 37
76.752, 37
76.752, 37
76.752, 37
76.752, 37
76.752, 37
76.752, 37
76.752, 37
76.752, 37
76.752, 37
76.752, 37
76.752, 37
76.752, 37
76.752, 37
76.752, 37
76.752, 37
76.752, 37
76.752, 37
76.752, 37
76.752, 37
76.752, 37
76.752, 37
76.752, 37
76.752, 37
76.752, 37
76.752, 37
76.752, 37
76.752, 37
76.942, 37
76.942, 37
76.942, 37
76.942, 37
76.942, 37
76.942, 37
76.942, 37
76.942, 37
76.942, 37
76.942, 37
76.942, 37
76.942, 37
76.942, 37
76.942, 37
76.942, 37
76.942, 37
76.942, 37
76.942, 37
76.942, 37
76.942, 37
76.942, 37
76.942, 37
76.942, 37
76.942, 37
76.942, 37
76.942, 37
76.942, 37
76.942, 37
76.942, 37
76.942, 37
76.942, 37
77.037, 37
77.037, 37
77.037, 37
77.037, 37
77.037, 37
77.037, 37
77.037, 37
77.037, 37
77.037, 37
77.037, 37
77.037, 37
77.037, 37
77.037, 37
77.037, 37
77.037, 37
77.037, 37
77.037, 37
77.037, 37
77.037, 37
77.037, 37
77.037, 37
77.037, 37
77.037, 37
77.037, 37
77.037, 37
77.037, 37
77.037, 37
77.037, 37
77.037, 38
77.037, 38
77.037, 38
77.132, 38
77.132, 38
77.132, 38
77.132, 38
77.132, 38
77.132, 38
77.132, 38
77.132, 38
77.132, 38
77.132, 38
77.132, 38
77.132, 38
77.132, 38
77.132, 38
77.132, 38
77.132, 38
77.132, 38
77.132, 38
77.132, 38
77.132, 38
77.132, 38
77.132, 38
77.132, 38
77.132, 38
77.132, 38
77.132, 38
77.132, 38
77.132, 38
77.132, 38
77.132, 38
77.132, 38
77.132, 38
77.132, 38
77.132, 38
77.132, 38
77.132, 38
77.132, 38
77.132, 38
77.132, 38
77.132, 38
77.132, 38
77.132, 38
77.132, 38
77.132, 38
77.132, 38
77.132, 38
77.132, 38
77.132, 38
77.132, 38
77.132, 38
77.132, 38
77.132, 38
77.132, 38
77.132, 38
77.132, 38
77.132, 38
77.132, 37
77.132, 37
77.132, 37
77.132, 37
77.132, 37
77.132, 37
77.132, 37
77.132, 37
77.132, 37
77.132, 37
77.132, 37
77.132, 37
77.132, 37
77.132, 37
77.132, 37
77.132, 37
77.132, 37
77.132, 37
77.132, 37
77.132, 37
77.132, 37
77.132, 37
77.132, 37
77.132, 37
77.132, 37
77.132, 37
77.132, 37
77.132, 37
77.132, 37
77.132, 37
77.132, 37
77.132, 37
77.132, 37
77.132, 37
77.132, 37
77.132, 37
77.226, 37
77.226, 37
77.226, 37
77.226, 37
77.226, 37
77.226, 37
77.226, 37
77.226, 37
77.226, 37
77.226, 37
77.226, 37
77.226, 37
77.226, 37
77.226, 37
77.226, 37
77.226, 37
77.226, 37
77.226, 37
77.226, 37
77.226, 37
77.226, 37
77.226, 37
77.226, 37
77.226, 37
77.226, 38
77.226, 38
77.226, 38
77.226, 38
77.226, 38
77.226, 38
77.226, 38
77.319, 38
77.319, 38
77.319, 38
77.319, 38
77.319, 38
77.319, 38
77.319, 38
77.319, 38
77.319, 38
77.319, 38
77.319, 38
77.319, 38
77.319, 38
77.319, 38
77.319, 38
77.319, 38
77.319, 38
77.319, 38
77.319, 38
77.319, 38
77.319, 38
77.319, 38
77.319, 38
77.319, 38
77.319, 38
77.319, 38
77.319, 38
77.319, 38
77.319, 38
77.319, 38
77.319, 38
77.319, 38
77.319, 38
77.319, 38
77.319, 38
77.319, 38
77.319, 38
77.319, 38
77.319, 38
77.319, 38
77.319, 38
77.319, 38
77.319, 38
77.319, 38
77.319, 38
77.319, 38
77.319, 38
77.319, 38
77.319, 38
77.319, 38
77.319, 38
77.319, 38
77.319, 38
77.319, 38
77.319, 38
77.319, 38
77.319, 38
77.319, 38
77.319, 38
77.319, 38
77.319, 38
77.319, 38
77.319, 38
77.319, 38
77.319, 38
77.319, 38
77.319, 38
77.319, 38
77.319, 38
77.319, 38
77.319, 38
77.319, 38
77.319, 38
77.319, 38
77.319, 38
77.319, 38
77.319, 38
77.319, 38
77.319, 38
77.319, 38
77.319, 38
77.319, 38
77.319, 38
77.319, 38
77.319, 38
77.319, 38
77.319, 38
77.319, 38
77.319, 38
77.319, 38
77.319, 38
77.319, 38
77.319, 38
77.319, 38
77.319, 38
77.319, 38
77.319, 38
77.319, 38
77.319, 38
77.319, 38
77.319, 38
77.319, 38
77.319, 38
77.319, 38
77.319, 38
77.319, 38
77.319, 38
77.319, 38
77.319, 38
77.319, 38
77.319, 38
77.319, 38
77.319, 38
77.319, 38
77.319, 38
77.319, 38
77.319, 38
77.319, 38
77.319, 38
77.319, 38
77.319, 38
77.319, 38
77.391, 38
77.391, 38
77.391, 38
77.391, 38
77.391, 38
77.391, 38
77.391, 38
77.391, 38
77.391, 38
77.391, 38
77.391, 38
77.391, 38
77.391, 38
77.391, 38
77.391, 38
77.391, 38
77.391, 38
77.391, 38
77.391, 38
77.391, 38
77.391, 38
77.391, 38
77.391, 38
77.391, 38
77.391, 38
77.391, 38
77.391, 38
77.391, 38
77.391, 38
77.391, 38
77.391, 38
77.391, 38
77.391, 38
77.391, 38
77.391, 38
77.391, 38
77.391, 38
77.391, 38
77.391, 38
77.391, 38
77.391, 38
77.391, 38
77.391, 38
77.391, 38
77.391, 38
77.391, 38
77.391, 38
77.391, 38
77.391, 38
77.391, 38
77.391, 38
77.391, 38
77.391, 38
77.391, 38
77.391, 38
77.391, 38
77.391, 38
77.391, 38
77.391, 38
77.391, 38
77.581, 38
77.581, 38
77.581, 38
77.581, 38
77.581, 38
77.581, 38
77.581, 38
77.581, 38
77.581, 38
77.581, 38
77.581, 38
77.581, 38
77.581, 38
77.581, 38
77.581, 38
77.581, 38
77.581, 38
77.581, 38
77.581, 38
77.581, 38
77.581, 38
77.581, 38
77.581, 38
77.581, 38
77.581, 38
77.581, 38
77.581, 38
77.581, 38
77.581, 38
77.581, 38
77.581, 38
77.581, 38
77.581, 38
77.581, 38
77.581, 38
77.581, 38
77.581, 38
77.581, 38
77.581, 38
77.581, 38
77.581, 38
77.581, 38
77.581, 38
77.581, 38
77.581, 38
77.581, 38
77.581, 38
77.581, 38
77.581, 38
77.581, 38
77.581, 38
77.581, 38
77.581, 38
77.581, 38
77.581, 38
77.581, 38
77.581, 38
77.581, 38
77.581, 38
77.581, 38
77.581, 38
77.581, 38
77.581, 38
77.581, 38
77.581, 38
77.581, 38
77.581, 38
77.581, 38
77.581, 38
77.581, 38
77.581, 38
77.581, 38
77.581, 38
77.581, 38
77.581, 38
77.581, 38
77.581, 38
77.581, 38
77.581, 38
77.581, 38
77.581, 38
77.581, 38
77.581, 38
77.581, 38
77.581, 38
77.581, 38
77.581, 38
77.581, 38
77.581, 38
77.581, 38
77.581, 38
77.581, 38
77.581, 38
77.770, 38
77.770, 38
77.770, 38
77.770, 38
77.770, 38
77.770, 38
77.770, 38
77.770, 38
77.770, 38
77.770, 38
77.770, 38
77.770, 38
77.770, 38
77.770, 38
77.770, 38
77.770, 38
77.770, 38
77.770, 38
77.770, 38
77.770, 38
77.770, 38
77.770, 38
77.770, 38
77.770, 38
77.770, 38
77.770, 38
77.770, 38
77.770, 38
77.770, 38
77.770, 38
77.770, 38
77.864, 38
77.864, 38
77.864, 38
77.864, 38
77.864, 38
77.864, 38
77.864, 38
77.864, 38
77.864, 38
77.864, 38
77.864, 38
77.864, 38
77.864, 38
77.864, 38
77.864, 38
77.864, 38
77.864, 38
77.864, 38
77.864, 38
77.864, 38
77.864, 38
77.864, 38
77.864, 38
77.864, 38
77.864, 38
77.864, 38
77.864, 38
77.864, 38
77.864, 38
77.864, 38
77.864, 38
77.864, 38
77.864, 38
77.864, 38
77.864, 38
77.864, 38
77.864, 38
77.864, 38
77.864, 38
77.864, 38
77.864, 38
77.864, 38
77.864, 38
77.864, 38
77.864, 38
77.864, 38
77.864, 38
77.864, 38
77.864, 38
77.864, 38
77.864, 38
77.864, 38
77.864, 38
77.864, 38
77.864, 38
77.864, 38
77.864, 38
77.864, 38
77.864, 38
77.864, 38
77.864, 38
77.864, 38
77.957, 38
77.957, 38
77.957, 38
77.957, 38
77.957, 38
77.957, 38
77.957, 38
77.957, 38
77.957, 38
77.957, 38
77.957, 38
77.957, 38
77.957, 38
77.957, 38
77.957, 38
77.957, 38
77.957, 38
77.957, 38
77.957, 38
77.957, 38
77.957, 38
77.957, 38
77.957, 38
77.957, 38
77.957, 38
77.957, 38
77.957, 38
77.957, 38
77.957, 38
77.957, 38
77.957, 38
77.957, 38
77.957, 38
77.957, 38
77.957, 38
77.957, 38
77.957, 38
77.957, 38
77.957, 38
77.957, 38
77.957, 38
77.957, 38
77.957, 38
77.957, 38
77.957, 38
77.957, 38
77.957, 38
77.957, 38
77.957, 38
77.957, 38
77.957, 38
77.957, 38
77.957, 38
77.957, 38
77.957, 38
77.957, 38
77.957, 38
77.957, 38
77.957, 38
77.957, 38
77.957, 38
77.957, 38
77.957, 38
77.957, 38
77.957, 38
77.957, 38
77.957, 38
77.957, 38
77.957, 38
77.957, 38
77.957, 38
77.957, 38
77.957, 38
77.957, 38
77.957, 38
77.957, 38
77.957, 38
77.957, 38
77.957, 38
77.957, 38
77.957, 38
77.957, 38
77.957, 38
77.957, 38
77.957, 38
77.957, 38
77.957, 38
77.957, 38
77.957, 38
77.957, 38
77.957, 38
77.957, 38
77.957, 38
74.154, 38
74.154, 38
74.154, 38
74.154, 38
74.154, 38
74.154, 38
74.154, 38
74.154, 38
74.154, 38
74.154, 38
74.154, 38
74.154, 38
74.154, 38
74.154, 38
74.154, 38
74.154, 38
74.154, 38
74.154, 38
74.154, 38
74.154, 38
74.154, 38
74.154, 38
74.154, 38
74.154, 38
74.154, 38
74.154, 38
74.154, 38
74.154, 38
74.154, 38
74.154, 38
74.154, 38
68.916, 38
68.916, 38
68.916, 38
68.916, 38
68.916, 38
68.916, 38
68.916, 38
68.916, 38
68.916, 38
68.916, 38
68.916, 38
68.916, 38
68.916, 38
68.916, 38
68.916, 38
68.916, 38
68.916, 38
68.916, 38
68.916, 38
68.916, 38
68.916, 38
68.916, 38
68.916, 38
68.916, 38
68.916, 38
68.916, 38
68.916, 38
68.916, 38
68.916, 38
68.916, 38
68.916, 38
65.091, 38
65.091, 38
65.091, 38
65.091, 38
65.091, 38
65.091, 38
65.091, 38
65.091, 38
65.091, 38
65.091, 38
65.091, 38
65.091, 38
65.091, 38
65.091, 38
65.091, 38
65.091, 38
65.091, 38
65.091, 38
65.091, 38
65.091, 38
65.091, 38
65.091, 38
65.091, 38
65.091, 38
65.091, 38
65.091, 38
65.091, 38
65.091, 38
65.091, 38
65.091, 38
65.091, 38
62.095, 38
62.095, 38
62.095, 38
62.095, 38
62.095, 38
62.095, 38
62.095, 38
62.095, 38
62.095, 38
62.095, 38
62.095, 38
62.095, 38
62.095, 38
62.095, 38
62.095, 38
62.095, 38
62.095, 38
62.095, 38
62.095, 38
62.095, 38
62.095, 38
62.095, 38
62.095, 38
62.095, 38
62.095, 38
62.095, 38
62.095, 38
62.095, 38
62.095, 38
62.095, 38
62.095, 38
60.027, 38
60.027, 38
60.027, 38
60.027, 38
60.027, 38
60.027, 38
60.027, 38
60.027, 38
60.027, 38
60.027, 38
60.027, 38
60.027, 38
60.027, 38
60.027, 38
60.027, 38
60.027, 38
60.027, 38
60.027, 38
60.027, 38
60.027, 38
60.027, 38
60.027, 38
60.027, 38
60.027, 38
60.027, 38
60.027, 38
60.027, 38
60.027, 38
60.027, 38
60.027, 38
60.027, 38
58.337, 38
58.337, 38
58.337, 38
58.337, 38
58.337, 38
58.337, 38
58.337, 38
58.337, 38
58.337, 38
58.337, 38
58.337, 38
58.337, 38
58.337, 38
58.337, 38
58.337, 38
58.337, 38
58.337, 38
58.337, 38
58.337, 38
58.337, 38
58.337, 38
58.337, 38
58.337, 38
58.337, 38
58.337, 38
58.337, 38
58.337, 38
58.337, 38
58.337, 38
58.337, 38
58.337, 38
57.216, 38
57.216, 38
57.216, 38
57.216, 38
57.216, 38
57.216, 38
57.216, 38
57.216, 38
57.216, 38
57.216, 38
57.216, 38
57.216, 38
57.216, 38
57.216, 38
57.216, 38
57.216, 38
57.216, 38
57.216, 38
57.216, 38
57.216, 38
57.216, 38
57.216, 38
57.216, 38
57.216, 38
57.216, 38
57.216, 38
57.216, 38
57.216, 38
57.216, 38
57.216, 38
57.216, 38
56.361, 38
56.361, 38
56.361, 38
56.361, 38
56.361, 38
56.361, 38
56.361, 38
56.361, 38
56.361, 38
56.361, 38
56.361, 38
56.361, 38
56.361, 38
56.361, 38
56.361, 38
56.361, 38
56.361, 38
56.361, 38
56.361, 38
56.361, 38
56.361, 38
56.361, 38
56.361, 38
56.361, 38
56.361, 38
56.361, 38
56.361, 38
56.361, 38
56.361, 38
56.361, 38
56.361, 38
55.713, 38
55.713, 38
55.713, 38
55.713, 38
55.713, 38
55.713, 38
55.713, 38
55.713, 38
55.713, 38
55.713, 38
55.713, 38
55.713, 38
55.713, 38
55.713, 38
55.713, 38
55.713, 38
55.713, 38
55.713, 38
55.713, 38
55.713, 38
55.713, 38
55.713, 38
55.713, 38
55.713, 38
55.713, 38
55.713, 38
55.713, 38
55.713, 38
55.713, 38
55.713, 38
55.713, 38
55.238, 38
55.238, 38
55.238, 38
55.238, 38
55.238, 38
55.238, 38
55.238, 38
55.238, 38
55.238, 38
55.238, 38
55.238, 38
55.238, 38
55.238, 38
55.238, 38
55.238, 38
55.238, 38
55.238, 38
55.238, 38
55.238, 38
55.238, 38
55.238, 38
55.238, 38
55.238, 38
55.238, 38
55.238, 38
55.238, 38
55.238, 38
55.238, 38
55.238, 38
55.238, 38
55.238, 38
54.858, 38
54.858, 38
54.858, 38
54.858, 38
54.858, 38
54.858, 38
54.858, 38
54.858, 38
54.858, 38
54.858, 38
54.858, 38
54.858, 38
54.858, 38
54.858, 38
54.858, 38
54.858, 38
54.858, 38
54.858, 38
54.858, 38
54.858, 38
54.858, 38
54.858, 38
54.858, 38
54.858, 38
54.858, 38
54.858, 38
54.858, 38
54.858, 38
54.858, 38
54.858, 38
54.858, 38
54.589, 38
54.589, 38
54.589, 38
54.589, 38
54.589, 38
54.589, 38
54.589, 38
54.589, 38
54.589, 38
54.589, 38
54.589, 38
54.589, 38
54.589, 38
54.589, 38
54.589, 38
54.589, 38
54.589, 38
54.589, 38
54.589, 38
54.589, 38
54.589, 38
54.589, 38
54.589, 38
54.589, 38
54.589, 38
54.589, 38
54.589, 38
54.589, 38
54.589, 38
54.589, 38
54.589, 38
54.494, 38
54.494, 38
54.494, 38
54.494, 38
54.494, 38
54.494, 38
54.494, 38
54.494, 38
54.494, 38
54.494, 38
54.494, 38
54.494, 38
54.494, 38
54.494, 38
54.494, 38
54.494, 38
54.494, 38
54.494, 38
54.494, 38
54.494, 38
54.494, 38
54.494, 38
54.494, 38
54.494, 38
54.494, 38
54.494, 38
54.494, 38
54.494, 38
54.494, 38
54.494, 38
54.494, 38
54.304, 38
54.304, 38
54.304, 38
54.304, 38
54.304, 38
54.304, 38
54.304, 38
54.304, 38
54.304, 38
54.304, 38
54.304, 38
54.304, 38
54.304, 38
54.304, 38
54.304, 38
54.304, 38
54.304, 38
54.304, 38
54.304, 38
54.304, 38
54.304, 38
54.304, 38
54.304, 38
54.304, 38
54.304, 38
54.304, 38
54.304, 38
54.304, 38
54.304, 38
54.304, 38
54.304, 38
54.209, 38
54.209, 38
54.209, 38
54.209, 38
54.209, 38
54.209, 38
54.209, 38
54.209, 38
54.209, 38
54.209, 38
54.209, 38
54.209, 38
54.209, 38
54.209, 38
54.209, 38
54.209, 38
54.209, 38
54.209, 38
54.209, 38
54.209, 38
54.209, 38
54.209, 38
54.209, 38
54.209, 38
54.209, 38
54.209, 38
54.209, 38
54.209, 38
54.209, 38
54.209, 38
54.209, 38
54.113, 38
54.113, 38
54.113, 38
54.113, 38
54.113, 38
54.113, 38
54.113, 38
54.113, 38
54.113, 38
54.113, 38
54.113, 38
54.113, 38
54.113, 38
54.113, 38
54.113, 38
54.113, 38
54.113, 38
54.113, 38
54.113, 38
54.113, 38
54.113, 38
54.113, 38
54.113, 38
54.113, 38
54.113, 38
54.113, 38
54.113, 38
54.113, 38
54.113, 38
54.113, 38
54.113, 38
54.113, 38
54.113, 38
54.113, 38
54.113, 38
54.113, 38
54.113, 38
54.113, 38
54.113, 38
54.113, 38
54.113, 38
54.113, 38
54.113, 38
54.113, 38
54.113, 38
54.113, 38
54.113, 38
54.113, 38
54.113, 38
54.113, 38
54.113, 38
54.113, 38
54.113, 38
54.113, 38
54.113, 38
54.113, 38
54.113, 38
54.113, 38
54.113, 38
54.018, 38
54.018, 38
54.018, 38
54.018, 38
54.018, 38
54.018, 38
54.018, 38
54.018, 38
54.018, 38
54.018, 38
54.018, 38
54.018, 38
54.018, 38
54.018, 38
54.018, 38
54.018, 38
54.018, 38
54.018, 38
54.018, 38
54.018, 38
54.018, 38
54.018, 38
54.018, 38
54.018, 38
54.018, 38
54.018, 38
54.018, 38
54.018, 38
54.018, 38
54.018, 38
54.018, 38
54.018, 38
54.018, 38
54.018, 38
54.018, 38
54.018, 38
54.018, 38
54.018, 38
54.018, 38
54.018, 38
54.018, 38
54.018, 38
54.018, 38
54.018, 38
54.018, 38
54.018, 38
54.018, 38
54.018, 38
54.018, 38
54.018, 38
54.018, 38
54.018, 38
54.018, 38
54.018, 38
54.018, 38
54.018, 38
54.018, 38
54.018, 38
54.018, 38
54.018, 38
54.018, 38
54.018, 38
54.018, 38
54.018, 38
54.018, 38
54.018, 38
54.018, 38
54.018, 38
54.018, 38
54.018, 38
54.018, 38
54.018, 38
54.018, 38
54.018, 38
54.018, 38
54.018, 38
54.018, 38
54.018, 38
54.018, 38
54.018, 38
54.018, 38
54.018, 38
54.018, 38
54.018, 38
54.018, 38
54.018, 38
54.018, 38
54.018, 38
54.018, 38
54.018, 38
54.018, 38
54.018, 38
54.018, 38
54.018, 38
54.018, 38
54.018, 38
54.018, 38
54.018, 38
54.018, 38
54.018, 38
54.018, 38
54.018, 38
54.018, 38
54.018, 38
54.018, 38
54.018, 38
54.018, 38
54.018, 38
54.018, 38
54.018, 38
54.018, 38
54.018, 38
54.018, 38
54.018, 38
54.018, 38
54.018, 38
54.018, 38
54.018, 38
54.018, 38
54.018, 38
54.018, 38
54.018, 38
54.018, 38
54.018, 38
53.923, 38
53.923, 38
53.923, 38
53.923, 38
53.923, 38
53.923, 38
53.923, 38
53.923, 38
53.923, 38
53.923, 38
53.923, 38
53.923, 38
53.923, 38
53.923, 38
53.923, 38
53.923, 38
53.923, 38
53.923, 38
53.923, 38
53.923, 38
53.923, 38
53.923, 38
53.923, 38
53.923, 38
53.923, 38
53.923, 38
53.923, 38
53.923, 38
53.923, 38
53.923, 38
53.923, 38
53.923, 38
53.923, 38
53.923, 38
53.923, 38
53.923, 38
53.923, 38
53.923, 38
53.923, 38
53.923, 38
53.923, 38
53.923, 38
53.923, 38
53.923, 38
53.923, 38
53.923, 38
53.923, 38
53.923, 38
53.923, 38
53.923, 38
53.923, 38
53.923, 38
53.923, 38
53.923, 38
53.923, 38
53.923, 38
53.923, 38
53.923, 38
53.923, 38
53.923, 38
53.923, 38
53.923, 38
53.923, 38
53.923, 38
53.923, 38
53.923, 38
53.923, 38
53.923, 38
53.923, 38
53.923, 38
53.923, 38
53.923, 38
53.923, 38
53.923, 38
53.923, 38
53.923, 38
53.923, 38
53.923, 38
53.923, 38
53.923, 38
53.923, 38
53.923, 38
53.923, 38
53.923, 38
53.923, 38
53.923, 38
53.923, 38
53.923, 38
53.923, 38
53.923, 38
53.923, 38
53.923, 38
53.923, 38
54.018, 38
54.018, 38
54.018, 38
54.018, 38
54.018, 38
54.018, 38
54.018, 38
54.018, 38
54.018, 38
54.018, 38
54.018, 38
54.018, 38
54.018, 38
54.018, 38
54.018, 38
54.018, 38
