32.845, 35
32.845, 35
32.845, 35
32.845, 35
32.845, 35
32.845, 35
32.845, 35
32.845, 35
32.845, 35
32.845, 35
32.845, 35
32.845, 35
32.845, 35
32.845, 35
32.845, 35
32.845, 35
32.845, 35
32.845, 35
32.845, 35
32.845, 35
32.845, 35
32.845, 35
39.756, 35
39.756, 35
39.756, 35
39.756, 35
39.756, 35
39.756, 35
39.756, 35
39.756, 35
39.756, 35
39.756, 35
39.756, 35
39.756, 35
39.756, 35
39.756, 35
39.756, 35
39.756, 35
39.756, 35
39.756, 35
39.756, 35
39.756, 35
39.756, 35
39.756, 35
39.756, 35
39.756, 35
39.756, 35
39.756, 35
39.756, 35
39.756, 35
39.756, 35
46.097, 35
46.097, 35
46.097, 35
46.097, 35
46.097, 35
46.097, 35
46.097, 35
46.097, 35
46.097, 35
46.097, 35
46.097, 35
46.097, 35
46.097, 35
46.097, 35
46.097, 35
46.097, 35
46.097, 35
46.097, 35
46.097, 35
46.097, 35
46.097, 35
46.097, 35
46.097, 35
46.097, 35
46.097, 35
46.097, 35
46.097, 35
46.097, 35
46.097, 35
50.515, 35
50.515, 35
50.515, 35
50.515, 35
50.515, 35
50.515, 35
50.515, 35
50.515, 35
50.515, 35
50.515, 35
50.515, 35
50.515, 35
50.515, 35
50.515, 35
50.515, 35
50.515, 35
50.515, 35
50.515, 35
50.515, 35
50.515, 35
50.515, 35
50.515, 35
50.515, 36
50.515, 36
50.515, 36
50.515, 36
50.515, 36
50.515, 36
50.515, 36
53.511, 36
53.511, 36
53.511, 36
53.511, 36
53.511, 36
53.511, 36
53.511, 36
53.511, 36
53.511, 36
53.511, 36
53.511, 36
53.511, 36
53.511, 36
53.511, 36
53.511, 36
53.511, 36
53.511, 36
53.511, 36
53.511, 36
53.511, 36
53.511, 36
53.511, 36
53.511, 36
53.511, 36
53.511, 36
53.511, 36
53.511, 36
53.511, 36
53.511, 36
55.415, 36
55.415, 36
55.415, 36
55.415, 36
55.415, 36
55.415, 36
55.415, 36
55.415, 36
55.415, 36
55.415, 36
55.415, 36
55.415, 36
55.415, 36
55.415, 36
55.415, 36
55.415, 36
55.415, 36
55.415, 36
55.415, 36
55.415, 36
55.415, 36
55.415, 36
55.415, 36
55.415, 36
55.415, 36
55.415, 36
55.415, 36
55.415, 36
55.415, 36
55.415, 36
56.616, 36
56.616, 36
56.616, 36
56.616, 36
56.616, 36
56.616, 36
56.616, 36
56.616, 36
56.616, 36
56.616, 36
56.616, 36
56.616, 36
56.616, 36
56.616, 36
56.616, 36
56.616, 36
56.616, 36
56.616, 36
56.616, 36
56.616, 36
56.616, 36
56.616, 36
56.616, 36
56.616, 36
56.616, 36
56.616, 36
56.616, 36
56.616, 36
56.616, 36
57.642, 36
57.642, 36
57.642, 36
57.642, 36
57.642, 36
57.642, 36
57.642, 36
57.642, 36
57.642, 36
57.642, 36
57.642, 36
57.642, 36
57.642, 36
57.642, 36
57.642, 36
57.642, 36
57.642, 36
57.642, 36
57.642, 36
57.642, 36
57.642, 36
57.642, 36
57.642, 36
57.642, 36
57.642, 36
57.642, 36
57.642, 36
57.642, 36
57.642, 36
58.196, 36
58.196, 36
58.196, 36
58.196, 36
58.196, 36
58.196, 36
58.196, 36
58.196, 36
58.196, 36
58.196, 36
58.196, 36
58.196, 36
58.196, 36
58.196, 36
58.196, 36
58.196, 36
58.196, 36
58.196, 36
58.196, 36
58.196, 36
58.196, 36
58.196, 36
58.196, 36
58.196, 36
58.196, 36
58.196, 36
58.196, 36
58.196, 36
58.196, 36
58.765, 36
58.765, 36
58.765, 36
58.765, 36
58.765, 36
58.765, 36
58.765, 36
58.765, 36
58.765, 36
58.765, 36
58.765, 36
58.765, 36
58.765, 36
58.765, 36
58.765, 36
58.765, 36
58.765, 36
58.765, 36
58.765, 36
58.765, 36
58.765, 36
58.765, 36
58.765, 36
58.765, 36
58.765, 36
58.765, 36
58.765, 36
58.765, 36
58.765, 36
59.337, 36
59.337, 36
59.337, 36
59.337, 36
59.337, 36
59.337, 36
59.337, 36
59.337, 36
59.337, 36
59.337, 36
59.337, 36
59.337, 36
59.337, 36
59.337, 36
59.337, 36
59.337, 36
59.337, 36
59.337, 36
59.337, 36
59.337, 36
59.337, 36
59.337, 36
59.337, 36
59.337, 36
59.337, 36
59.337, 36
59.337, 36
59.337, 36
59.337, 36
59.792, 36
59.792, 36
59.792, 36
59.792, 36
59.792, 36
59.792, 36
59.792, 36
59.792, 36
59.792, 36
59.792, 36
59.792, 36
59.792, 36
59.792, 36
59.792, 36
59.792, 36
59.792, 36
59.792, 36
59.792, 36
59.792, 36
59.792, 36
59.792, 36
59.792, 36
59.792, 36
59.792, 36
59.792, 36
59.792, 36
59.792, 36
59.792, 36
59.792, 36
59.888, 36
59.888, 36
59.888, 36
59.888, 36
59.888, 36
59.888, 36
59.888, 36
59.888, 36
59.888, 36
59.888, 36
59.888, 36
59.888, 36
59.888, 36
59.888, 36
59.888, 36
59.888, 36
59.888, 36
59.888, 36
59.888, 36
59.888, 36
59.888, 36
59.888, 36
59.888, 36
59.888, 36
59.888, 36
59.888, 36
59.888, 36
59.888, 36
59.888, 36
59.888, 36
58.574, 36
58.574, 36
58.574, 36
58.574, 36
58.574, 36
58.574, 36
58.574, 36
58.574, 36
58.574, 36
58.574, 36
58.574, 36
58.574, 36
58.574, 36
58.574, 36
58.574, 36
58.574, 36
58.574, 36
58.574, 36
58.574, 36
58.574, 36
58.574, 36
58.574, 36
58.574, 36
58.574, 36
58.574, 36
58.574, 36
58.574, 36
58.574, 36
58.574, 36
57.261, 36
57.261, 36
57.261, 36
57.261, 36
57.261, 36
57.261, 36
57.261, 36
57.261, 36
57.261, 36
57.261, 36
57.261, 36
57.261, 36
57.261, 36
57.261, 36
57.261, 36
