number of samples, 3882
 timeElapsed:, 1946.9 
   

33.316, 43
33.316, 43
33.316, 43
33.316, 43
33.316, 43
33.316, 43
33.316, 43
33.316, 43
33.316, 43
33.316, 43
33.316, 43
33.316, 43
33.316, 43
33.316, 43
33.316, 43
33.316, 43
33.316, 43
35.878, 43
35.878, 43
35.878, 43
35.878, 43
35.878, 43
35.878, 43
35.878, 43
35.878, 43
35.878, 43
35.878, 43
35.878, 43
35.878, 43
35.878, 43
35.878, 43
35.878, 43
35.878, 43
35.878, 43
35.878, 43
35.878, 43
35.878, 43
35.878, 43
35.878, 43
35.878, 43
35.878, 43
35.878, 43
35.878, 43
35.878, 43
35.878, 43
40.896, 43
40.896, 43
40.896, 43
40.896, 43
40.896, 43
40.896, 43
40.896, 43
40.896, 43
40.896, 43
40.896, 43
40.896, 43
40.896, 43
40.896, 43
40.896, 43
40.896, 43
40.896, 43
40.896, 43
40.896, 43
40.896, 43
40.896, 43
40.896, 43
40.896, 43
40.896, 43
40.896, 43
40.896, 43
40.896, 43
40.896, 43
40.896, 43
40.896, 43
44.768, 44
44.768, 44
44.768, 44
44.768, 44
44.768, 44
44.768, 44
44.768, 44
44.768, 44
44.768, 44
44.768, 44
44.768, 44
44.768, 44
44.768, 44
44.768, 44
44.768, 44
44.768, 44
44.768, 44
44.768, 44
44.768, 44
44.768, 44
44.768, 44
44.768, 44
44.768, 44
44.768, 44
44.768, 44
44.768, 44
44.768, 44
44.768, 44
44.768, 44
49.093, 44
49.093, 44
49.093, 44
49.093, 44
49.093, 44
49.093, 44
49.093, 44
49.093, 44
49.093, 44
49.093, 44
49.093, 44
49.093, 44
49.093, 44
49.093, 44
49.093, 44
49.093, 44
49.093, 44
49.093, 44
49.093, 44
49.093, 44
49.093, 44
49.093, 44
49.093, 44
49.093, 44
49.093, 44
49.093, 44
49.093, 44
49.093, 44
49.093, 44
51.634, 44
51.634, 44
51.634, 44
51.634, 44
51.634, 44
51.634, 44
51.634, 44
51.634, 44
51.634, 44
51.634, 44
51.634, 44
51.634, 44
51.634, 44
51.634, 44
51.634, 44
51.634, 44
51.634, 44
51.634, 44
51.634, 44
51.634, 44
51.634, 44
51.634, 44
51.634, 44
51.634, 44
51.634, 44
51.634, 44
51.634, 44
51.634, 44
51.634, 44
54.551, 44
54.551, 44
54.551, 44
54.551, 44
54.551, 44
54.551, 44
54.551, 44
54.551, 44
54.551, 44
54.551, 44
54.551, 44
54.551, 44
54.551, 44
54.551, 44
54.551, 44
54.551, 44
54.551, 44
54.551, 44
54.551, 44
54.551, 44
54.551, 44
54.551, 44
54.551, 44
54.551, 44
54.551, 44
54.551, 44
54.551, 44
54.551, 44
54.551, 44
57.103, 44
57.103, 44
57.103, 44
57.103, 44
57.103, 44
57.103, 44
57.103, 44
57.103, 44
57.103, 44
57.103, 44
57.103, 44
57.103, 44
57.103, 44
57.103, 44
57.103, 44
57.103, 44
57.103, 44
57.103, 44
57.103, 44
57.103, 44
57.103, 44
57.103, 44
57.103, 44
57.103, 44
57.103, 44
57.103, 44
57.103, 44
57.103, 44
57.103, 44
57.103, 44
59.176, 44
59.176, 44
59.176, 44
59.176, 44
59.176, 44
59.176, 44
59.176, 44
59.176, 44
59.176, 44
59.176, 44
59.176, 44
59.176, 44
59.176, 44
59.176, 44
59.176, 44
59.176, 44
59.176, 44
59.176, 44
59.176, 44
59.176, 44
59.176, 44
59.176, 44
59.176, 44
59.176, 44
59.176, 44
59.176, 44
59.176, 44
59.176, 44
59.176, 44
60.109, 44
60.109, 44
60.109, 44
60.109, 44
60.109, 44
60.109, 44
60.109, 44
60.109, 44
60.109, 44
60.109, 44
60.109, 44
60.109, 44
60.109, 44
60.109, 44
60.109, 44
60.109, 44
60.109, 44
60.109, 44
60.109, 44
60.109, 44
60.109, 44
60.109, 44
60.109, 44
60.109, 44
60.109, 44
60.109, 44
60.109, 44
60.109, 44
60.109, 44
61.229, 44
61.229, 44
61.229, 44
61.229, 44
61.229, 44
61.229, 44
61.229, 44
61.229, 44
61.229, 44
61.229, 44
61.229, 44
61.229, 44
61.229, 44
61.229, 44
61.229, 44
61.229, 44
61.229, 44
61.229, 44
61.229, 44
61.229, 44
61.229, 44
61.229, 44
61.229, 44
61.229, 44
61.229, 44
61.229, 44
61.229, 44
61.229, 44
61.229, 44
61.895, 44
61.895, 44
61.895, 44
61.895, 44
61.895, 44
61.895, 44
61.895, 44
61.895, 44
61.895, 44
61.895, 44
61.895, 44
61.895, 44
61.895, 44
61.895, 44
61.895, 44
61.895, 44
61.895, 44
61.895, 44
61.895, 44
61.895, 44
61.895, 44
61.895, 44
61.895, 44
61.895, 44
61.895, 44
61.895, 44
61.895, 44
63.301, 44
63.301, 44
63.301, 44
63.301, 44
63.301, 44
63.301, 44
63.301, 44
63.301, 44
63.301, 44
63.301, 44
63.301, 44
63.301, 44
63.301, 44
63.301, 44
63.301, 44
63.301, 44
63.301, 44
63.301, 44
63.301, 44
63.301, 44
63.301, 44
63.301, 44
63.301, 44
63.301, 44
63.301, 44
63.301, 44
63.301, 44
63.301, 44
63.301, 44
63.396, 44
63.396, 44
63.396, 44
63.396, 44
63.396, 44
63.396, 44
63.396, 44
63.396, 44
63.396, 44
63.396, 44
63.396, 44
63.396, 44
63.396, 44
63.396, 44
63.396, 44
63.396, 44
63.396, 44
63.396, 44
63.396, 44
63.396, 44
63.396, 44
63.396, 44
63.396, 44
63.396, 44
63.396, 44
63.396, 44
63.396, 44
63.396, 44
63.396, 44
64.323, 44
64.323, 44
64.323, 44
64.323, 44
64.323, 44
64.323, 44
64.323, 44
64.323, 44
64.323, 44
64.323, 44
64.323, 44
64.323, 44
64.323, 44
64.323, 44
64.323, 44
64.323, 44
64.323, 44
64.323, 44
64.323, 44
64.323, 44
64.323, 44
64.323, 44
64.323, 44
64.323, 44
64.323, 44
64.323, 44
64.323, 44
64.323, 44
64.323, 44
65.159, 44
65.159, 44
65.159, 44
65.159, 44
65.159, 44
65.159, 44
65.159, 44
65.159, 44
65.159, 44
65.159, 44
65.159, 44
65.159, 44
65.159, 44
65.159, 44
65.159, 44
65.159, 44
65.159, 44
65.159, 44
65.159, 44
65.159, 44
65.159, 44
65.159, 44
65.159, 44
65.159, 44
65.159, 44
65.159, 44
65.159, 44
65.159, 44
65.159, 44
65.537, 44
65.537, 44
65.537, 44
65.537, 44
65.537, 44
65.537, 44
65.537, 44
65.537, 44
65.537, 44
65.537, 44
65.537, 44
65.537, 44
65.537, 44
65.537, 44
65.537, 44
65.537, 44
65.537, 44
65.537, 44
65.537, 44
65.537, 44
65.537, 44
65.537, 44
65.537, 44
65.537, 44
65.537, 44
65.537, 44
65.537, 44
65.537, 44
65.537, 44
65.537, 44
65.348, 44
65.348, 44
65.348, 44
65.348, 44
65.348, 44
65.348, 44
65.348, 44
65.348, 44
65.348, 44
65.348, 44
65.348, 44
65.348, 44
65.348, 44
65.348, 44
65.348, 44
65.348, 44
65.348, 44
65.348, 44
65.348, 44
65.348, 44
65.348, 44
65.348, 44
65.348, 44
65.348, 44
65.348, 44
65.348, 44
65.348, 44
65.348, 44
65.348, 44
65.348, 44
65.348, 44
65.781, 44
65.781, 44
65.781, 44
65.781, 44
65.781, 44
65.781, 44
65.781, 44
65.781, 44
65.781, 44
65.781, 44
65.781, 44
65.781, 44
65.781, 44
65.781, 44
65.781, 44
65.781, 44
65.781, 44
65.781, 44
65.781, 44
65.781, 44
65.781, 44
65.781, 44
65.781, 44
65.781, 44
65.781, 44
65.781, 44
65.781, 44
65.781, 44
65.781, 44
65.781, 44
65.781, 44
66.895, 44
66.895, 44
66.895, 44
66.895, 44
66.895, 44
66.895, 44
66.895, 44
66.895, 44
66.895, 44
66.895, 44
66.895, 44
66.895, 44
66.895, 44
66.895, 44
66.895, 44
66.895, 44
66.895, 44
66.895, 44
66.895, 44
66.895, 44
66.895, 44
66.895, 44
66.895, 44
66.895, 44
66.895, 44
66.895, 44
66.895, 44
66.895, 44
66.895, 44
66.895, 44
66.895, 44
66.895, 44
67.066, 44
67.066, 44
67.066, 44
67.066, 44
67.066, 44
67.066, 44
67.066, 44
67.066, 44
67.066, 44
67.066, 44
67.066, 44
67.066, 44
67.066, 44
67.066, 44
67.066, 44
67.066, 44
67.066, 44
67.066, 44
67.066, 44
67.066, 44
67.066, 44
67.066, 44
67.066, 44
67.066, 44
67.066, 44
67.066, 44
67.066, 44
67.066, 44
67.066, 44
67.066, 44
67.066, 44
67.350, 44
67.350, 44
67.350, 44
67.350, 44
67.350, 44
67.350, 44
67.350, 44
67.350, 44
67.350, 44
67.350, 44
67.350, 44
67.350, 44
67.350, 44
67.350, 44
67.350, 44
67.350, 44
67.350, 44
67.350, 44
67.350, 44
67.350, 44
67.350, 44
67.350, 44
67.350, 44
67.350, 44
67.350, 44
67.350, 44
67.350, 44
67.350, 44
67.350, 44
67.350, 44
67.350, 44
68.084, 44
68.084, 44
68.084, 44
68.084, 44
68.084, 44
68.084, 44
68.084, 44
68.084, 44
68.084, 44
68.084, 44
68.084, 44
68.084, 44
68.084, 44
68.084, 44
68.084, 44
68.084, 44
68.084, 44
68.084, 44
68.084, 44
68.084, 44
68.084, 44
68.084, 44
68.084, 44
68.084, 44
68.084, 44
68.084, 44
68.084, 44
68.084, 44
68.084, 44
68.084, 44
68.084, 44
67.780, 44
67.780, 44
67.780, 44
67.780, 44
67.780, 44
67.780, 44
67.780, 44
67.780, 44
67.780, 44
67.780, 44
67.780, 44
67.780, 44
67.780, 44
67.780, 44
67.780, 44
67.780, 44
67.780, 44
67.780, 44
67.780, 44
67.780, 44
67.780, 44
67.780, 44
67.780, 44
67.780, 44
67.780, 44
67.780, 44
67.780, 44
67.780, 44
67.780, 44
67.780, 44
67.780, 44
67.875, 44
67.875, 44
67.875, 44
67.875, 44
67.875, 44
67.875, 44
67.875, 44
67.875, 44
67.875, 44
67.875, 44
67.875, 44
67.875, 44
67.875, 44
67.875, 44
67.875, 44
67.875, 44
67.875, 44
67.875, 44
67.875, 44
67.875, 44
67.875, 44
67.875, 44
67.875, 44
67.875, 44
67.875, 44
67.875, 44
67.875, 44
67.875, 44
67.875, 44
67.875, 44
67.875, 44
68.728, 44
68.728, 44
68.728, 44
68.728, 44
68.728, 44
68.728, 44
68.728, 44
68.728, 44
68.728, 44
68.728, 44
68.728, 44
68.728, 44
68.728, 44
68.728, 44
68.728, 44
68.728, 44
68.728, 44
68.728, 44
68.728, 44
68.728, 44
68.728, 44
68.728, 44
68.728, 44
68.728, 44
68.728, 44
68.728, 44
68.728, 44
68.728, 44
68.728, 44
68.728, 44
68.728, 44
69.675, 44
69.675, 44
69.675, 44
69.675, 44
69.675, 44
69.675, 44
69.675, 44
69.675, 44
69.675, 44
69.675, 44
69.675, 44
69.675, 44
69.675, 44
69.675, 44
69.675, 44
69.675, 44
69.675, 44
69.675, 44
69.675, 44
69.675, 44
69.675, 44
69.675, 44
69.675, 44
69.675, 44
69.675, 44
69.675, 44
69.675, 44
69.675, 44
69.675, 44
69.675, 44
69.675, 44
69.770, 44
69.770, 44
69.770, 44
69.770, 44
69.770, 44
69.770, 44
69.770, 44
69.770, 44
69.770, 44
69.770, 44
69.770, 44
69.770, 44
69.770, 44
69.770, 44
69.770, 44
69.770, 44
69.770, 44
69.770, 44
69.770, 44
69.770, 44
69.770, 44
69.770, 44
69.770, 44
69.770, 44
69.770, 44
69.770, 44
69.770, 44
69.770, 44
69.770, 44
69.770, 44
69.770, 44
70.483, 44
70.483, 44
70.483, 44
70.483, 44
70.483, 44
70.483, 44
70.483, 44
70.483, 44
70.483, 44
70.483, 44
70.483, 44
70.483, 44
70.483, 45
70.483, 45
70.483, 45
70.483, 45
70.483, 45
70.483, 45
70.483, 45
70.483, 45
70.483, 45
70.483, 45
70.483, 45
70.483, 45
70.483, 45
70.483, 45
70.483, 45
70.483, 45
70.483, 45
70.483, 45
70.483, 45
72.187, 45
72.187, 45
72.187, 45
72.187, 45
72.187, 45
72.187, 45
72.187, 45
72.187, 45
72.187, 45
72.187, 45
72.187, 45
72.187, 45
72.187, 45
72.187, 45
72.187, 45
72.187, 45
72.187, 45
72.187, 45
72.187, 45
72.187, 45
72.187, 45
72.187, 45
72.187, 45
72.187, 45
72.187, 45
72.187, 45
72.187, 45
72.187, 45
72.187, 45
72.187, 45
72.187, 45
73.655, 45
73.655, 45
73.655, 45
73.655, 45
73.655, 45
73.655, 45
73.655, 45
73.655, 45
73.655, 45
73.655, 45
73.655, 45
73.655, 45
73.655, 45
73.655, 45
73.655, 45
73.655, 45
73.655, 45
73.655, 45
73.655, 45
73.655, 45
73.655, 45
73.655, 45
73.655, 45
73.655, 45
73.655, 45
73.655, 45
73.655, 45
73.655, 45
73.655, 45
73.655, 45
73.655, 45
74.601, 45
74.601, 45
74.601, 45
74.601, 45
74.601, 45
74.601, 45
74.601, 45
74.601, 45
74.601, 45
74.601, 45
74.601, 45
74.601, 45
74.601, 45
74.601, 45
74.601, 45
74.601, 45
74.601, 45
74.601, 45
74.601, 45
74.601, 45
74.601, 45
74.601, 45
74.601, 45
74.601, 45
74.601, 45
74.601, 45
74.601, 45
74.601, 45
74.601, 45
74.601, 45
74.601, 45
75.169, 45
75.169, 45
75.169, 45
75.169, 45
75.169, 45
75.169, 45
75.169, 45
75.169, 45
75.169, 45
75.169, 45
75.169, 45
75.169, 45
75.169, 45
75.169, 45
75.169, 45
75.169, 45
75.169, 45
75.169, 45
75.169, 45
75.169, 45
75.169, 45
75.169, 45
75.169, 45
75.169, 45
75.169, 45
75.169, 45
75.169, 45
75.169, 45
75.169, 45
75.169, 45
75.169, 45
75.621, 45
75.621, 45
75.621, 45
75.621, 45
75.621, 45
75.621, 45
75.621, 45
75.621, 45
75.621, 45
75.621, 45
75.621, 45
75.621, 45
75.621, 45
75.621, 45
75.621, 45
75.621, 45
75.621, 45
75.621, 45
75.621, 45
75.621, 45
75.621, 45
75.621, 45
75.621, 45
75.621, 45
75.621, 45
75.621, 45
75.621, 45
75.621, 45
75.621, 45
75.621, 45
75.621, 45
75.970, 45
75.970, 45
75.970, 45
75.970, 45
75.970, 45
75.970, 45
75.970, 45
75.970, 45
75.970, 45
75.970, 45
75.970, 45
75.970, 45
75.970, 45
75.970, 45
75.970, 45
75.970, 45
75.970, 45
75.970, 45
75.970, 45
75.970, 45
75.970, 45
75.970, 45
75.970, 45
75.970, 45
75.970, 45
75.970, 45
75.970, 45
75.970, 45
75.970, 45
75.970, 45
75.970, 45
76.253, 45
76.253, 45
76.253, 45
76.253, 45
76.253, 45
76.253, 45
76.253, 45
76.253, 45
76.253, 45
76.253, 45
76.253, 45
76.253, 45
76.253, 45
76.253, 45
76.253, 45
76.253, 45
76.253, 45
76.253, 45
76.253, 45
76.253, 45
76.253, 45
76.253, 45
76.253, 45
76.253, 45
76.253, 45
76.253, 45
76.253, 45
76.253, 45
76.253, 45
76.253, 45
76.539, 45
76.539, 45
76.539, 45
76.539, 45
76.539, 45
76.539, 45
76.539, 45
76.539, 45
76.539, 45
76.539, 45
76.539, 45
76.539, 45
76.539, 45
76.539, 45
76.539, 45
76.539, 45
76.539, 45
76.539, 45
76.539, 45
76.539, 45
76.539, 45
76.539, 45
76.539, 45
76.539, 45
76.539, 45
76.539, 45
76.539, 45
76.539, 45
76.539, 45
76.539, 45
76.539, 45
76.633, 45
76.633, 45
76.633, 45
76.633, 45
76.633, 45
76.633, 45
76.633, 45
76.633, 45
76.633, 45
76.633, 45
76.633, 45
76.633, 45
76.633, 45
76.633, 45
76.633, 45
76.633, 45
76.633, 45
76.633, 45
76.633, 45
76.633, 45
76.633, 45
76.633, 45
76.633, 45
76.633, 45
76.633, 45
76.633, 45
76.633, 45
76.633, 45
76.633, 45
76.633, 45
76.633, 45
76.822, 45
76.822, 45
76.822, 45
76.822, 45
76.822, 45
76.822, 45
76.822, 45
76.822, 45
76.822, 45
76.822, 45
76.822, 45
76.822, 45
76.822, 45
76.822, 45
76.822, 45
76.822, 45
76.822, 45
76.822, 45
76.822, 45
76.822, 45
76.822, 45
76.822, 45
76.822, 45
76.822, 45
76.822, 45
76.822, 45
76.822, 45
76.822, 45
76.822, 45
76.822, 45
76.822, 45
76.822, 45
76.822, 45
76.822, 45
76.822, 45
76.822, 45
76.822, 45
76.822, 45
76.822, 45
76.822, 45
76.822, 45
76.822, 45
76.822, 45
76.822, 45
76.822, 45
76.822, 45
76.822, 45
76.822, 45
76.822, 45
76.822, 45
76.822, 45
76.822, 45
76.822, 45
76.822, 45
76.822, 45
76.822, 45
76.822, 45
76.822, 45
76.822, 45
76.822, 45
76.822, 45
76.916, 45
76.916, 45
76.916, 45
76.916, 45
76.916, 45
76.916, 45
76.916, 45
76.916, 45
76.916, 45
76.916, 45
76.916, 45
76.916, 45
76.916, 45
76.916, 45
76.916, 45
76.916, 45
76.916, 45
76.916, 45
76.916, 45
76.916, 45
76.916, 45
76.916, 45
76.916, 45
76.916, 45
76.916, 45
76.916, 45
76.916, 45
76.916, 45
76.916, 45
76.916, 45
76.916, 45
76.916, 45
76.916, 45
76.916, 45
76.916, 45
76.916, 45
76.916, 45
76.916, 45
76.916, 45
76.916, 45
76.916, 45
76.916, 45
76.916, 45
76.916, 45
76.916, 45
76.916, 45
76.916, 45
76.916, 45
76.916, 45
76.916, 45
76.916, 45
76.916, 45
76.916, 45
76.916, 45
76.916, 45
76.916, 45
76.916, 45
76.916, 45
76.916, 45
76.916, 45
76.916, 45
76.916, 45
77.012, 45
77.012, 45
77.012, 45
77.012, 45
77.012, 45
77.012, 45
77.012, 45
77.012, 45
77.012, 45
77.012, 45
77.012, 45
77.012, 45
77.012, 45
77.012, 45
77.012, 45
77.012, 45
77.012, 45
77.012, 45
77.012, 45
77.012, 45
77.012, 45
77.012, 45
77.012, 45
77.012, 45
77.012, 45
77.012, 45
77.012, 45
77.012, 45
77.012, 45
77.012, 45
77.012, 45
77.012, 45
77.012, 45
77.012, 45
77.012, 45
77.012, 45
77.012, 45
77.012, 45
77.012, 45
77.012, 45
77.012, 45
77.012, 45
77.012, 45
77.012, 45
77.012, 45
77.012, 45
77.012, 45
77.012, 45
77.012, 45
77.012, 45
77.012, 45
77.012, 45
77.012, 45
77.012, 45
77.012, 45
77.012, 45
77.012, 45
77.012, 45
77.012, 45
77.012, 45
77.012, 45
77.012, 45
77.200, 45
77.200, 45
77.200, 45
77.200, 45
77.200, 45
77.200, 45
77.200, 45
77.200, 45
77.200, 45
77.200, 45
77.200, 45
77.200, 45
77.200, 45
77.200, 45
77.200, 45
77.200, 45
77.200, 45
77.200, 45
77.200, 45
77.200, 45
77.200, 45
77.200, 45
77.200, 45
77.200, 45
77.200, 45
77.200, 45
77.200, 45
77.200, 45
77.200, 45
77.200, 45
77.200, 45
77.200, 45
77.200, 45
77.200, 45
77.200, 45
77.200, 45
77.200, 45
77.200, 45
77.200, 45
77.200, 45
77.200, 45
77.200, 45
77.200, 45
77.200, 45
77.200, 45
77.200, 45
77.200, 45
77.200, 45
77.200, 45
77.200, 45
77.200, 45
77.200, 45
77.200, 45
77.200, 45
77.200, 45
77.200, 45
77.200, 45
77.200, 45
77.200, 45
77.200, 45
77.200, 45
77.200, 45
77.200, 45
77.200, 45
77.200, 45
77.200, 45
77.200, 45
77.200, 45
77.200, 45
77.200, 45
77.200, 45
77.200, 45
77.200, 45
77.200, 45
77.200, 45
77.200, 45
77.200, 45
77.200, 45
77.200, 45
77.200, 45
77.200, 45
77.200, 45
77.200, 45
77.200, 45
77.200, 45
77.200, 45
77.200, 45
77.200, 45
77.200, 45
77.200, 45
77.200, 45
77.200, 45
77.200, 45
77.200, 45
77.200, 45
77.200, 45
77.200, 45
77.200, 45
77.200, 45
77.200, 45
77.200, 45
77.200, 45
77.200, 45
77.200, 45
77.200, 45
77.200, 45
77.200, 45
77.200, 45
77.200, 45
77.200, 45
77.200, 45
77.200, 45
77.200, 45
77.200, 45
77.200, 45
77.200, 45
77.200, 45
77.200, 45
77.200, 45
77.200, 45
77.200, 45
77.200, 45
77.200, 45
77.200, 45
77.200, 45
77.200, 45
77.200, 45
77.200, 45
77.200, 45
77.200, 45
77.200, 45
77.200, 45
77.200, 45
77.200, 45
77.200, 45
77.200, 45
77.200, 45
77.200, 45
77.200, 45
77.200, 45
77.200, 45
77.200, 45
77.200, 45
77.200, 45
77.200, 45
77.200, 45
77.200, 45
77.200, 45
77.200, 45
77.200, 45
77.200, 45
77.200, 45
77.200, 45
77.200, 45
77.200, 45
77.200, 45
77.200, 45
77.200, 45
77.200, 45
77.200, 45
77.200, 45
77.200, 45
77.200, 45
77.200, 45
77.200, 45
77.200, 45
77.200, 45
77.200, 45
77.200, 45
77.200, 45
77.200, 45
77.200, 45
77.200, 45
77.200, 45
77.200, 45
77.200, 45
77.200, 45
77.200, 45
77.200, 45
77.200, 45
77.200, 45
77.200, 45
77.200, 45
77.200, 45
77.200, 45
77.200, 45
77.200, 45
77.200, 45
77.200, 45
77.200, 45
77.200, 45
77.200, 45
77.200, 45
77.200, 45
77.200, 45
77.200, 45
77.200, 45
77.200, 45
77.200, 45
77.200, 45
77.200, 45
77.200, 45
77.200, 45
77.200, 45
77.200, 45
77.200, 45
77.200, 45
77.200, 45
77.200, 45
77.200, 45
77.200, 45
77.200, 45
77.200, 45
77.200, 45
77.200, 45
77.200, 45
77.200, 45
77.200, 45
77.200, 45
77.200, 45
77.200, 45
77.200, 45
77.200, 45
77.200, 45
77.200, 45
77.200, 45
77.200, 45
77.200, 45
77.200, 45
77.200, 45
77.200, 45
77.200, 45
77.200, 45
77.200, 45
77.200, 45
77.200, 45
77.200, 45
77.200, 45
77.200, 45
77.200, 45
77.200, 45
77.200, 45
77.200, 45
77.200, 45
77.200, 45
77.200, 45
77.200, 45
77.295, 45
77.295, 45
77.295, 45
77.295, 45
77.295, 45
77.295, 45
77.295, 45
77.295, 45
77.295, 45
77.295, 45
77.295, 45
77.295, 45
77.295, 45
77.295, 45
77.295, 45
77.295, 45
77.295, 45
77.295, 45
77.295, 45
77.295, 45
77.295, 45
77.295, 45
77.295, 45
77.295, 45
77.295, 45
77.295, 45
77.295, 45
77.295, 45
77.295, 45
77.295, 45
77.295, 45
77.295, 45
77.295, 45
77.295, 45
77.295, 45
77.295, 45
77.295, 45
77.295, 45
77.295, 45
77.295, 45
77.295, 45
77.295, 45
77.295, 45
77.295, 45
77.295, 45
77.295, 45
77.295, 45
77.295, 45
77.295, 45
77.295, 45
77.295, 45
77.295, 45
77.295, 45
77.295, 45
77.295, 45
77.295, 45
77.295, 45
77.295, 45
77.295, 45
77.295, 45
77.295, 45
77.295, 45
77.295, 45
77.295, 45
77.295, 45
77.295, 45
77.295, 45
77.295, 45
77.295, 45
77.295, 45
77.295, 45
77.295, 45
77.295, 45
77.295, 45
77.295, 45
77.295, 45
77.295, 45
77.295, 45
77.295, 45
77.295, 45
77.295, 45
77.295, 45
77.295, 45
77.295, 45
77.295, 45
77.295, 45
77.295, 45
77.295, 45
77.295, 45
77.295, 45
77.295, 45
77.295, 45
77.295, 45
77.295, 45
77.295, 45
77.295, 45
77.295, 45
77.295, 45
77.295, 45
77.295, 45
77.295, 45
77.295, 45
77.295, 45
77.295, 45
77.295, 45
77.295, 45
77.295, 45
77.295, 45
77.295, 45
77.295, 45
77.295, 45
77.295, 45
77.295, 45
77.295, 45
77.295, 45
77.295, 45
77.295, 45
77.295, 45
77.295, 45
77.295, 45
77.295, 45
77.295, 45
77.295, 45
77.295, 45
77.295, 45
77.295, 45
77.295, 45
77.295, 45
77.295, 45
77.295, 45
77.295, 45
77.295, 45
77.295, 45
77.295, 45
77.295, 45
77.295, 45
77.295, 45
77.295, 45
77.295, 45
77.295, 45
77.295, 45
77.295, 45
77.295, 45
77.295, 45
77.295, 45
77.295, 45
77.295, 45
77.295, 45
77.295, 45
77.295, 45
77.295, 45
77.295, 45
77.295, 45
77.295, 45
77.295, 45
77.389, 45
77.389, 45
77.389, 45
77.389, 45
77.389, 45
77.389, 45
77.389, 45
77.389, 45
77.389, 45
77.389, 45
77.389, 45
77.389, 45
77.389, 45
77.389, 45
77.389, 45
77.389, 45
77.389, 45
77.389, 45
77.389, 45
77.389, 45
77.389, 45
77.389, 45
77.389, 45
77.389, 45
77.389, 45
77.389, 45
77.389, 45
77.389, 45
77.389, 45
77.389, 45
77.389, 45
77.389, 45
77.389, 45
77.389, 45
77.389, 45
77.389, 45
77.389, 45
77.389, 45
77.389, 45
77.389, 45
77.389, 45
77.389, 45
77.389, 45
77.389, 45
77.389, 45
77.389, 45
77.389, 45
77.389, 45
77.389, 45
77.389, 45
77.389, 45
77.389, 45
77.389, 45
77.389, 45
77.389, 45
77.389, 45
77.389, 45
77.389, 45
77.389, 45
77.389, 45
77.389, 45
77.389, 45
77.389, 45
77.389, 45
77.389, 45
77.389, 45
77.389, 45
77.389, 45
77.389, 45
77.389, 45
77.389, 45
77.389, 45
77.389, 45
77.389, 45
77.389, 45
77.389, 45
77.389, 45
77.389, 45
77.389, 45
77.389, 45
77.389, 45
77.389, 45
77.389, 45
77.389, 45
77.389, 45
77.389, 45
77.389, 45
77.389, 45
77.389, 45
77.389, 45
77.389, 45
77.389, 45
77.389, 45
77.485, 45
77.485, 45
77.485, 45
77.485, 45
77.485, 45
77.485, 45
77.485, 45
77.485, 45
77.485, 45
77.485, 45
77.485, 45
77.485, 45
77.485, 45
77.485, 45
77.485, 45
77.485, 45
77.485, 45
77.485, 45
77.485, 45
77.485, 45
77.485, 45
77.485, 45
77.485, 45
77.485, 45
77.485, 45
77.485, 45
77.485, 45
77.485, 45
77.485, 45
77.485, 45
77.485, 45
77.485, 45
77.485, 45
77.485, 45
77.485, 45
77.485, 45
77.485, 45
77.485, 45
77.485, 45
77.485, 45
77.485, 45
77.485, 45
77.485, 45
77.485, 45
77.485, 45
77.485, 45
77.485, 45
77.485, 45
77.485, 45
77.485, 45
77.485, 45
77.485, 45
77.485, 45
77.485, 45
77.485, 45
77.485, 45
77.485, 45
77.485, 45
77.485, 45
77.485, 45
77.485, 45
77.485, 45
77.485, 45
77.485, 45
77.485, 45
77.485, 45
77.485, 45
77.485, 45
77.485, 45
77.485, 45
77.485, 45
77.485, 45
77.485, 45
77.485, 45
77.485, 45
77.485, 45
77.485, 45
77.485, 45
77.485, 45
77.485, 45
77.485, 45
77.485, 45
77.485, 45
77.485, 45
77.485, 45
77.485, 45
77.485, 45
77.485, 45
77.485, 45
77.485, 45
77.485, 45
77.485, 45
77.485, 45
77.485, 45
77.485, 45
77.485, 45
77.485, 45
77.485, 45
77.485, 45
77.485, 45
77.485, 45
77.485, 45
77.485, 45
77.485, 45
77.485, 45
77.485, 45
77.485, 45
77.485, 45
77.485, 45
77.485, 45
77.485, 45
77.485, 45
77.485, 45
77.485, 45
77.485, 45
77.485, 45
77.485, 45
77.485, 45
77.485, 45
77.485, 45
77.485, 45
77.485, 45
77.389, 45
77.389, 45
77.389, 45
77.389, 45
77.389, 45
77.389, 45
77.389, 45
77.389, 45
77.389, 45
77.389, 45
77.389, 45
77.389, 45
77.389, 45
77.389, 45
77.389, 45
77.389, 45
77.389, 45
77.389, 45
77.389, 45
77.389, 45
77.389, 45
77.389, 45
77.389, 45
77.389, 45
77.389, 45
77.389, 45
77.389, 45
77.389, 45
77.389, 45
77.389, 45
77.389, 45
77.485, 45
77.485, 45
77.485, 45
77.485, 45
77.485, 45
77.485, 45
77.485, 45
77.485, 45
77.485, 45
77.485, 45
77.485, 45
77.485, 45
77.485, 45
77.485, 45
77.485, 45
77.485, 45
77.485, 45
77.485, 45
77.485, 45
77.485, 45
77.485, 45
77.485, 45
77.485, 45
77.485, 45
77.485, 45
77.485, 45
77.485, 45
77.485, 45
77.485, 45
77.485, 45
77.485, 45
77.485, 45
77.485, 45
77.485, 45
77.485, 45
77.485, 45
77.485, 45
77.485, 45
77.485, 45
77.485, 45
77.485, 45
77.485, 45
77.485, 45
77.485, 45
77.485, 45
77.485, 45
77.485, 45
77.485, 45
77.485, 45
77.485, 45
77.485, 45
77.485, 45
77.485, 45
77.485, 45
77.485, 45
77.485, 45
77.485, 45
77.485, 45
77.485, 45
77.485, 45
77.485, 45
77.485, 45
77.485, 45
77.485, 45
77.485, 45
77.485, 45
77.485, 45
77.485, 45
77.485, 45
77.485, 45
77.485, 45
77.485, 45
77.485, 45
77.485, 45
77.485, 46
77.485, 46
77.485, 46
77.485, 46
77.485, 46
77.485, 46
77.485, 46
77.485, 46
77.485, 46
77.485, 46
77.485, 46
77.485, 46
77.485, 46
77.485, 46
77.485, 46
77.485, 46
77.485, 46
77.485, 46
77.485, 46
77.485, 46
77.485, 46
77.485, 46
77.485, 46
77.485, 46
77.485, 46
77.485, 46
77.485, 46
77.485, 46
77.485, 46
77.485, 46
77.485, 46
77.485, 46
77.485, 46
77.485, 46
77.485, 46
77.485, 46
77.485, 46
77.485, 46
77.485, 46
77.485, 46
77.485, 46
77.485, 46
77.485, 46
77.485, 46
77.485, 46
77.485, 46
77.485, 46
77.485, 46
77.485, 46
77.389, 46
77.389, 46
77.389, 46
77.389, 46
77.389, 46
77.389, 46
77.389, 46
77.389, 46
77.389, 46
77.389, 46
77.389, 45
77.389, 45
77.389, 45
77.389, 45
77.389, 45
77.389, 45
77.389, 45
77.389, 45
77.389, 45
77.389, 45
77.389, 45
77.389, 45
77.389, 45
77.389, 45
77.389, 45
77.389, 45
77.389, 45
77.389, 45
77.389, 45
77.389, 45
77.389, 45
77.389, 45
77.389, 45
77.389, 45
77.389, 45
77.389, 45
77.389, 45
77.389, 45
77.389, 45
77.389, 45
77.389, 45
77.389, 45
77.389, 45
77.389, 45
77.389, 45
77.389, 45
77.389, 45
77.389, 45
77.389, 45
77.389, 45
77.389, 45
77.389, 45
77.389, 45
77.389, 45
77.389, 45
77.389, 45
77.389, 45
77.389, 45
77.389, 45
77.389, 45
77.389, 45
77.389, 45
77.389, 45
77.389, 45
77.389, 45
77.389, 45
77.389, 45
77.389, 45
77.389, 45
77.389, 45
77.389, 45
77.389, 45
77.389, 45
77.389, 45
77.389, 45
77.389, 45
77.389, 45
77.389, 45
77.389, 45
77.389, 45
77.389, 45
77.389, 45
77.389, 45
77.389, 45
77.389, 45
77.389, 45
77.389, 45
77.389, 45
77.389, 45
77.389, 45
77.389, 45
77.389, 45
77.389, 45
77.389, 45
77.389, 45
77.389, 45
77.389, 45
77.389, 45
77.389, 45
77.389, 45
77.389, 45
77.389, 45
77.389, 45
77.389, 45
77.389, 45
77.389, 45
77.389, 45
77.389, 45
77.389, 45
77.389, 45
77.389, 45
77.389, 45
77.389, 45
77.389, 45
77.389, 45
77.389, 45
77.389, 45
77.389, 45
77.389, 45
77.389, 45
77.389, 45
77.389, 45
77.389, 45
77.389, 45
77.389, 45
77.389, 45
77.389, 45
77.389, 45
77.389, 45
77.389, 45
77.389, 45
77.389, 46
77.389, 46
77.389, 46
77.389, 46
77.389, 46
77.389, 46
77.389, 46
77.389, 46
77.389, 46
77.389, 46
77.389, 46
77.389, 46
77.389, 46
77.389, 46
77.389, 46
77.389, 46
77.389, 46
77.389, 46
77.389, 46
77.389, 46
77.389, 46
77.389, 46
77.389, 46
77.389, 46
77.389, 46
77.482, 46
77.482, 46
77.482, 46
77.482, 46
77.482, 46
77.482, 46
77.482, 46
77.482, 46
77.482, 46
77.482, 46
77.482, 46
77.482, 46
77.482, 46
77.482, 46
77.482, 46
77.482, 46
77.482, 46
77.482, 46
77.482, 46
77.482, 46
77.482, 46
77.482, 46
77.482, 46
77.482, 46
77.482, 46
77.482, 46
77.482, 46
77.482, 46
77.482, 46
77.482, 46
77.482, 46
75.969, 46
75.969, 46
75.969, 46
75.969, 46
75.969, 46
75.969, 46
75.969, 46
75.969, 46
75.969, 46
75.969, 46
75.969, 46
75.969, 46
75.969, 46
75.969, 46
75.969, 46
75.969, 46
75.969, 46
75.969, 46
75.969, 46
75.969, 46
75.969, 46
75.969, 46
75.969, 46
75.969, 46
75.969, 46
75.969, 46
75.969, 46
75.969, 46
75.969, 46
75.969, 46
75.969, 46
70.102, 46
70.102, 46
70.102, 46
70.102, 46
70.102, 46
70.102, 46
70.102, 46
70.102, 46
70.102, 46
70.102, 46
70.102, 46
70.102, 46
70.102, 46
70.102, 46
70.102, 46
70.102, 46
70.102, 46
70.102, 46
70.102, 46
70.102, 46
70.102, 46
70.102, 46
70.102, 46
70.102, 46
70.102, 46
70.102, 46
70.102, 46
70.102, 46
70.102, 46
70.102, 46
65.641, 45
65.641, 45
65.641, 45
65.641, 45
65.641, 45
65.641, 45
65.641, 45
65.641, 45
65.641, 45
65.641, 45
65.641, 45
65.641, 45
65.641, 45
65.641, 45
65.641, 45
65.641, 45
65.641, 45
65.641, 45
65.641, 45
65.641, 45
65.641, 45
65.641, 45
65.641, 45
65.641, 45
65.641, 45
65.641, 45
65.641, 45
65.641, 45
65.641, 45
65.641, 45
65.641, 45
62.267, 45
62.267, 45
62.267, 45
62.267, 45
62.267, 45
62.267, 45
62.267, 45
62.267, 45
62.267, 45
62.267, 45
62.267, 45
62.267, 45
62.267, 45
62.267, 45
62.267, 45
62.267, 45
62.267, 45
62.267, 45
62.267, 45
62.267, 45
62.267, 45
62.267, 45
62.267, 45
62.267, 45
62.267, 45
62.267, 45
62.267, 45
62.267, 45
62.267, 45
62.267, 45
59.817, 46
59.817, 46
59.817, 46
59.817, 46
59.817, 46
59.817, 46
59.817, 46
59.817, 46
59.817, 46
59.817, 46
59.817, 46
59.817, 46
59.817, 46
59.817, 46
59.817, 46
59.817, 46
59.817, 46
59.817, 46
59.817, 46
59.817, 46
59.817, 46
59.817, 46
59.817, 46
59.817, 46
59.817, 46
59.817, 46
59.817, 46
59.817, 46
59.817, 46
59.817, 46
57.937, 46
57.937, 46
57.937, 46
57.937, 46
57.937, 46
57.937, 46
57.937, 46
57.937, 46
57.937, 46
57.937, 46
57.937, 46
57.937, 46
57.937, 46
57.937, 46
57.937, 46
57.937, 46
57.937, 46
57.937, 46
57.937, 46
57.937, 46
57.937, 46
57.937, 46
57.937, 46
57.937, 46
57.937, 46
57.937, 46
57.937, 46
57.937, 46
57.937, 46
57.937, 46
57.937, 46
56.531, 46
56.531, 46
56.531, 46
56.531, 46
56.531, 46
56.531, 46
56.531, 46
56.531, 46
56.531, 46
56.531, 46
56.531, 46
56.531, 46
56.531, 46
56.531, 46
56.531, 46
56.531, 46
56.531, 46
56.531, 46
56.531, 46
56.531, 46
56.531, 46
56.531, 46
56.531, 46
56.531, 46
56.531, 46
56.531, 46
56.531, 46
56.531, 46
56.531, 46
56.531, 46
56.531, 46
55.504, 46
55.504, 46
55.504, 46
55.504, 46
55.504, 46
55.504, 46
55.504, 46
55.504, 46
55.504, 46
55.504, 46
55.504, 46
55.504, 46
55.504, 46
55.504, 46
55.504, 46
55.504, 46
55.504, 46
55.504, 46
55.504, 46
55.504, 46
55.504, 46
55.504, 46
55.504, 46
55.504, 46
55.504, 46
55.504, 46
55.504, 46
55.504, 46
55.504, 46
55.504, 46
55.504, 46
54.745, 46
54.745, 46
54.745, 46
54.745, 46
54.745, 46
54.745, 46
54.745, 46
54.745, 46
54.745, 46
54.745, 46
54.745, 46
54.745, 46
54.745, 46
54.745, 46
54.745, 46
54.745, 46
54.745, 46
54.745, 46
54.745, 46
54.745, 46
54.745, 46
54.745, 46
54.745, 46
54.745, 46
54.745, 46
54.745, 46
54.745, 46
54.745, 46
54.745, 46
54.745, 46
54.745, 46
54.192, 46
54.192, 46
54.192, 46
54.192, 46
54.192, 46
54.192, 46
54.192, 46
54.192, 46
54.192, 46
54.192, 46
54.192, 46
54.192, 46
54.192, 46
54.192, 46
54.192, 46
54.192, 46
54.192, 46
54.192, 46
54.192, 46
54.192, 46
54.192, 46
54.192, 46
54.192, 46
54.192, 46
54.192, 46
54.192, 46
54.192, 46
54.192, 46
54.192, 46
54.192, 46
54.192, 46
53.717, 45
53.717, 45
53.717, 45
53.717, 45
53.717, 45
53.717, 45
53.717, 45
53.717, 45
53.717, 45
53.717, 45
53.717, 45
53.717, 45
53.717, 45
53.717, 45
53.717, 45
53.717, 45
53.717, 45
53.717, 45
53.717, 45
53.717, 45
53.717, 45
53.717, 45
53.717, 45
53.717, 45
53.717, 45
53.717, 45
53.717, 45
53.717, 45
53.717, 45
53.717, 45
53.717, 45
53.717, 45
53.431, 45
53.431, 45
53.431, 45
53.431, 45
53.431, 45
53.431, 45
53.431, 45
53.431, 45
53.431, 45
53.431, 45
53.431, 45
53.431, 45
53.431, 45
53.431, 45
53.431, 45
53.431, 45
53.431, 45
53.431, 45
53.431, 45
53.431, 45
53.431, 45
53.431, 45
53.431, 45
53.431, 45
53.431, 45
53.431, 45
53.431, 45
53.431, 45
53.431, 45
53.431, 45
53.431, 45
53.163, 46
53.163, 46
53.163, 46
53.163, 46
53.163, 46
53.163, 46
53.163, 46
53.163, 46
53.163, 46
53.163, 46
53.163, 46
53.163, 46
53.163, 46
53.163, 46
53.163, 46
53.163, 46
53.163, 46
53.163, 46
53.163, 46
53.163, 46
53.163, 46
53.163, 46
53.163, 46
53.163, 46
53.163, 46
53.163, 46
53.163, 46
53.163, 46
53.163, 46
53.163, 46
53.163, 46
53.067, 46
53.067, 46
53.067, 46
53.067, 46
53.067, 46
53.067, 46
53.067, 46
53.067, 46
53.067, 46
53.067, 46
53.067, 46
53.067, 46
53.067, 46
53.067, 46
53.067, 46
53.067, 46
53.067, 46
53.067, 46
53.067, 46
53.067, 46
53.067, 46
53.067, 46
53.067, 46
53.067, 46
53.067, 46
53.067, 46
53.067, 46
53.067, 46
53.067, 46
53.067, 46
53.067, 46
52.877, 45
52.877, 45
52.877, 45
52.877, 45
52.877, 45
52.877, 45
52.877, 45
52.877, 45
52.877, 45
52.877, 45
52.877, 45
52.877, 45
52.877, 45
52.877, 45
52.877, 45
52.877, 45
52.877, 45
52.877, 45
52.877, 45
52.877, 45
52.877, 45
52.877, 45
52.877, 45
52.877, 45
52.877, 45
52.877, 45
52.877, 45
52.877, 45
52.877, 45
52.877, 45
52.877, 45
52.782, 45
52.782, 45
52.782, 45
52.782, 45
52.782, 45
52.782, 45
52.782, 45
52.782, 45
52.782, 45
52.782, 45
52.782, 45
52.782, 45
52.782, 45
52.782, 45
52.782, 45
52.782, 45
52.782, 45
52.782, 45
52.782, 45
52.782, 45
52.782, 45
52.782, 45
52.782, 45
52.782, 45
52.782, 45
52.782, 45
52.782, 45
52.782, 45
52.782, 45
52.782, 45
52.782, 45
52.687, 45
52.687, 45
52.687, 45
52.687, 45
52.687, 45
52.687, 45
52.687, 45
52.687, 45
52.687, 45
52.687, 45
52.687, 45
52.687, 45
52.687, 45
52.687, 45
52.687, 45
52.687, 45
52.687, 45
52.687, 45
52.687, 45
52.687, 45
52.687, 45
52.687, 45
52.687, 45
52.687, 45
52.687, 45
52.687, 45
52.687, 45
52.687, 45
52.687, 45
52.687, 45
52.687, 45
52.687, 45
52.687, 45
52.687, 45
52.687, 45
52.687, 45
52.687, 45
52.687, 45
52.687, 45
52.687, 45
52.687, 45
52.687, 45
52.687, 45
52.687, 45
52.687, 45
52.687, 45
52.687, 45
52.687, 45
52.687, 45
52.687, 45
52.687, 45
52.687, 45
52.687, 45
52.687, 45
52.687, 45
52.687, 45
52.687, 45
52.687, 45
52.687, 45
52.687, 45
52.687, 46
52.687, 46
52.593, 46
52.593, 46
52.593, 46
52.593, 46
52.593, 46
52.593, 46
52.593, 46
52.593, 46
52.593, 46
52.593, 46
52.593, 46
52.593, 46
52.593, 46
52.593, 46
52.593, 46
52.593, 46
52.593, 46
52.593, 46
52.593, 46
52.593, 46
52.593, 46
52.593, 46
52.593, 46
52.593, 46
52.593, 46
52.593, 46
52.593, 46
52.593, 46
52.593, 46
52.593, 46
52.593, 46
52.497, 46
52.497, 46
52.497, 46
52.497, 46
52.497, 46
52.497, 46
52.497, 46
52.497, 46
52.497, 46
52.497, 46
52.497, 46
52.497, 46
52.497, 46
52.497, 46
52.497, 46
52.497, 46
52.497, 46
52.497, 46
52.497, 46
52.497, 46
52.497, 46
52.497, 46
52.497, 46
52.497, 46
52.497, 46
52.497, 46
52.497, 46
52.497, 45
52.497, 45
52.497, 45
52.497, 45
52.497, 45
52.497, 45
52.497, 45
52.497, 45
52.497, 45
52.497, 45
52.497, 45
52.497, 45
52.497, 45
52.497, 45
52.497, 45
52.497, 45
52.497, 45
52.497, 45
52.497, 45
52.497, 45
52.497, 45
52.497, 45
52.497, 45
52.497, 45
52.497, 45
52.497, 45
52.497, 45
52.497, 45
52.497, 45
52.497, 45
52.497, 45
52.497, 45
52.497, 45
52.497, 45
52.497, 45
52.497, 45
52.497, 45
52.497, 45
52.497, 45
52.497, 45
52.497, 45
52.497, 45
52.497, 45
52.497, 45
52.497, 45
52.497, 45
52.497, 45
52.497, 45
52.497, 45
52.497, 45
52.497, 45
52.497, 45
52.497, 45
52.497, 45
52.497, 45
52.497, 45
52.497, 45
52.497, 45
52.497, 45
52.497, 45
52.497, 45
52.497, 45
52.497, 45
52.497, 45
52.497, 45
52.497, 45
52.497, 45
52.497, 45
52.497, 45
52.497, 45
52.497, 45
52.497, 45
52.497, 45
52.497, 45
52.497, 45
52.497, 45
52.497, 45
52.497, 45
52.497, 45
52.497, 45
52.497, 45
52.497, 45
52.497, 45
52.497, 45
52.497, 45
52.497, 45
52.497, 45
52.497, 45
52.497, 45
52.497, 45
52.497, 45
52.497, 45
52.497, 45
52.497, 45
52.497, 45
52.497, 45
52.497, 45
52.497, 45
52.497, 45
52.497, 45
52.497, 45
52.497, 45
52.497, 45
52.497, 45
52.497, 45
52.497, 45
52.497, 45
52.497, 45
52.497, 45
52.497, 45
52.497, 45
52.497, 45
52.497, 45
52.497, 45
52.497, 45
52.497, 45
52.497, 45
52.497, 45
52.497, 46
52.497, 46
52.497, 46
52.497, 46
52.497, 46
52.497, 46
52.497, 46
52.497, 46
52.497, 46
52.497, 46
52.497, 46
52.497, 46
52.497, 46
52.497, 46
52.497, 46
52.497, 46
52.497, 46
52.497, 46
52.497, 46
52.497, 46
52.497, 46
52.497, 46
52.497, 46
52.497, 46
52.497, 46
52.497, 46
52.497, 46
52.497, 46
52.497, 46
52.497, 46
52.497, 46
52.497, 46
52.497, 46
52.497, 46
52.497, 46
52.497, 46
52.497, 46
52.497, 46
52.497, 46
52.497, 46
52.497, 46
52.497, 46
52.497, 46
52.497, 46
52.497, 46
52.497, 46
52.497, 46
52.497, 46
52.497, 46
52.497, 46
52.497, 46
52.497, 46
52.497, 46
52.497, 46
52.497, 46
52.497, 46
52.497, 46
52.497, 46
52.497, 46
52.497, 46
52.497, 46
52.497, 46
52.497, 46
52.497, 46
52.497, 46
52.497, 46
52.497, 46
52.497, 46
52.497, 46
52.497, 46
52.497, 46
52.497, 46
52.212, 46
52.212, 46
52.212, 46
52.212, 46
52.212, 46
52.212, 46
52.212, 46
52.212, 46
52.212, 46
52.212, 46
52.212, 46
52.212, 46
52.212, 46
52.212, 46
52.212, 46
52.212, 46
52.212, 46
52.212, 46
52.212, 46
52.212, 46
52.212, 46
52.212, 46
52.212, 46
52.212, 46
52.212, 46
52.212, 46
52.212, 46
52.212, 46
52.212, 46
52.212, 46
52.212, 46
51.547, 46
51.547, 46
51.547, 46
51.547, 46
51.547, 46
51.547, 46
51.547, 46
51.547, 46
51.547, 46
51.547, 46
51.547, 46
51.547, 46
51.547, 46
51.547, 46
51.547, 46
51.547, 46
51.547, 46
51.547, 46
51.547, 46
51.547, 46
51.547, 46
51.547, 46
51.547, 46
51.547, 46
51.547, 46
51.547, 46
51.547, 46
51.547, 46
51.547, 46
51.547, 46
51.547, 46
51.183, 46
51.183, 46
51.183, 46
51.183, 46
51.183, 46
51.183, 46
51.183, 46
51.183, 46
51.183, 46
51.183, 46
51.183, 46
51.183, 46
51.183, 46
51.183, 46
51.183, 46
51.183, 46
51.183, 46
51.183, 46
51.183, 46
51.183, 46
51.183, 46
51.183, 46
51.183, 46
51.183, 46
51.183, 46
51.183, 46
51.183, 46
51.183, 46
51.183, 46
51.183, 46
51.183, 46
50.802, 46
50.802, 46
50.802, 46
50.802, 46
50.802, 46
50.802, 46
50.802, 46
50.802, 46
50.802, 46
50.802, 46
50.802, 46
50.802, 46
50.802, 46
50.802, 46
50.802, 46
50.802, 45
50.802, 45
50.802, 45
50.802, 45
50.802, 45
50.802, 45
50.802, 45
50.802, 45
50.802, 45
50.802, 45
50.802, 45
50.802, 45
50.802, 45
50.802, 45
50.802, 45
50.802, 45
50.517, 45
50.517, 45
50.517, 45
50.517, 45
50.517, 45
50.517, 45
50.517, 45
50.517, 45
50.517, 45
50.517, 45
50.517, 45
50.517, 45
50.517, 45
50.517, 45
50.517, 45
50.517, 45
50.517, 45
50.517, 45
50.517, 45
50.517, 45
50.517, 45
50.517, 45
50.517, 45
50.517, 45
50.517, 45
50.517, 45
50.517, 45
50.517, 45
50.517, 45
50.517, 45
50.517, 45
50.327, 45
50.327, 45
50.327, 45
50.327, 45
50.327, 45
50.327, 45
50.327, 45
50.327, 45
50.327, 45
50.327, 45
50.327, 45
50.327, 45
50.327, 46
50.327, 46
50.327, 46
50.327, 46
50.327, 46
50.327, 46
50.327, 46
50.327, 46
50.327, 46
50.327, 46
50.327, 46
50.327, 46
50.327, 46
50.327, 46
50.327, 46
50.327, 46
50.327, 46
50.327, 46
50.232, 46
50.232, 46
50.232, 46
50.232, 46
50.232, 46
50.232, 46
50.232, 46
50.232, 46
50.232, 46
50.232, 46
50.232, 46
50.232, 46
50.232, 46
50.232, 46
50.232, 46
50.232, 46
50.232, 46
50.232, 46
50.232, 46
50.232, 46
50.232, 46
50.232, 46
50.232, 46
50.232, 46
50.232, 46
50.232, 46
50.232, 46
50.232, 46
50.232, 46
50.232, 46
50.232, 46
50.042, 46
50.042, 46
50.042, 46
50.042, 46
50.042, 46
50.042, 46
50.042, 46
50.042, 46
50.042, 46
50.042, 46
50.042, 45
50.042, 45
50.042, 45
50.042, 45
50.042, 45
50.042, 45
50.042, 45
50.042, 45
50.042, 45
50.042, 45
50.042, 45
50.042, 45
50.042, 45
50.042, 45
50.042, 45
50.042, 45
50.042, 45
50.042, 45
50.042, 45
50.042, 45
50.042, 45
49.947, 45
49.947, 45
49.947, 45
49.947, 45
49.947, 45
49.947, 45
49.947, 45
49.947, 45
49.947, 45
49.947, 45
49.947, 45
49.947, 45
49.947, 45
49.947, 45
49.947, 45
49.947, 45
49.947, 45
49.947, 45
49.947, 45
49.947, 45
49.947, 45
49.947, 45
49.947, 45
49.947, 45
49.947, 45
49.947, 45
49.947, 45
49.947, 45
49.947, 45
49.947, 45
49.947, 45
49.947, 45
49.947, 45
49.947, 45
49.947, 45
49.947, 45
49.947, 45
49.947, 45
49.947, 45
49.947, 45
49.947, 45
49.947, 45
49.947, 45
49.947, 45
49.947, 45
49.947, 45
49.947, 45
49.947, 45
49.947, 45
49.947, 45
49.947, 45
49.947, 45
49.947, 45
49.947, 45
49.947, 45
49.947, 45
49.947, 45
49.947, 45
49.947, 45
49.947, 45
49.947, 45
49.947, 45
49.851, 45
49.851, 45
49.851, 45
49.851, 45
49.851, 45
49.851, 45
49.851, 45
49.851, 45
49.851, 45
49.851, 45
49.851, 45
49.851, 45
49.851, 45
49.851, 45
49.851, 45
49.851, 45
49.851, 45
49.851, 45
49.851, 45
49.851, 45
49.851, 45
49.851, 45
49.851, 45
49.851, 45
49.851, 45
49.851, 45
49.851, 45
49.851, 45
49.851, 45
49.851, 45
49.851, 45
49.866, 45
49.866, 45
49.866, 45
49.866, 45
49.866, 45
49.866, 45
49.866, 45
49.866, 45
49.866, 45
49.866, 45
49.866, 45
49.866, 45
49.866, 45
49.866, 45
49.866, 45
49.866, 45
49.866, 45
49.866, 45
49.866, 45
49.866, 45
49.866, 45
49.866, 45
49.866, 45
49.866, 45
49.866, 45
49.866, 45
49.866, 45
49.866, 45
49.866, 45
49.866, 45
49.866, 45
48.742, 45
48.742, 45
48.742, 45
48.742, 45
48.742, 45
48.742, 45
48.742, 45
48.742, 45
48.742, 45
48.742, 45
48.742, 45
48.742, 45
48.742, 45
48.742, 45
48.742, 45
48.742, 45
48.742, 45
48.742, 45
48.742, 45
48.742, 45
48.742, 45
48.742, 45
48.742, 45
48.742, 45
48.742, 45
48.742, 45
48.742, 45
48.742, 45
48.742, 45
48.742, 45
48.742, 45
47.220, 45
47.220, 45
47.220, 45
47.220, 45
47.220, 45
47.220, 45
47.220, 45
47.220, 45
47.220, 45
47.220, 45
47.220, 45
47.220, 45
47.220, 45
47.220, 45
47.220, 45
47.220, 45
47.220, 45
47.220, 45
47.220, 45
47.220, 45
47.220, 45
47.220, 45
47.220, 45
47.220, 45
47.220, 45
47.220, 45
47.220, 45
47.220, 45
47.220, 45
47.220, 45
47.220, 45
46.107, 45
46.107, 45
46.107, 45
46.107, 45
46.107, 45
46.107, 45
46.107, 45
46.107, 45
46.107, 45
46.107, 45
46.107, 45
46.107, 45
46.107, 45
46.107, 45
46.107, 45
46.107, 45
46.107, 45
46.107, 45
46.107, 45
46.107, 45
46.107, 45
46.107, 45
46.107, 45
46.107, 45
46.107, 45
46.107, 45
46.107, 45
46.107, 45
46.107, 45
46.107, 45
46.107, 45
45.345, 45
45.345, 45
45.345, 45
45.345, 45
45.345, 45
45.345, 45
45.345, 45
45.345, 45
45.345, 45
45.345, 45
45.345, 45
45.345, 45
45.345, 45
45.345, 45
45.345, 45
45.345, 45
45.345, 45
45.345, 45
45.345, 45
45.345, 45
45.345, 45
45.345, 45
45.345, 45
45.345, 45
45.345, 45
45.345, 45
45.345, 45
45.345, 45
45.345, 45
45.345, 45
45.345, 45
44.679, 45
44.679, 45
44.679, 45
44.679, 45
44.679, 45
44.679, 45
44.679, 45
44.679, 45
44.679, 45
44.679, 45
44.679, 45
44.679, 45
44.679, 45
44.679, 45
44.679, 45
44.679, 45
44.679, 45
44.679, 45
44.679, 45
44.679, 45
44.679, 45
44.679, 45
44.679, 45
44.679, 45
44.679, 45
44.679, 45
44.679, 45
44.679, 45
44.679, 45
44.679, 45
44.679, 45
44.203, 45
44.203, 45
44.203, 45
44.203, 45
44.203, 45
44.203, 45
44.203, 45
44.203, 45
44.203, 45
44.203, 45
44.203, 45
44.203, 45
44.203, 45
44.203, 45
44.203, 45
44.203, 45
44.203, 45
44.203, 45
44.203, 45
44.203, 45
44.203, 45
44.203, 45
44.203, 45
44.203, 45
44.203, 45
44.203, 45
44.203, 45
44.203, 45
44.203, 45
44.203, 45
44.203, 45
43.918, 45
43.918, 45
43.918, 45
43.918, 45
43.918, 45
43.918, 45
43.918, 45
43.918, 45
43.918, 45
43.918, 45
43.918, 45
43.918, 45
43.918, 45
43.918, 45
43.918, 45
43.918, 45
43.918, 45
43.918, 45
43.918, 45
43.918, 45
43.918, 45
43.918, 45
43.918, 45
43.918, 45
43.918, 45
43.918, 45
43.918, 45
43.918, 45
43.918, 45
43.918, 45
43.918, 45
43.744, 45
43.744, 45
43.744, 45
43.744, 45
43.744, 45
43.744, 45
43.744, 45
43.744, 45
43.744, 45
43.744, 45
43.744, 45
43.744, 45
43.744, 45
43.744, 45
43.744, 45
43.744, 45
43.744, 45
43.744, 45
43.744, 45
43.744, 45
43.744, 45
43.744, 45
43.744, 45
43.744, 45
43.744, 45
43.744, 45
43.744, 45
43.744, 45
43.744, 45
43.744, 45
43.744, 45
43.457, 45
43.457, 45
43.457, 45
43.457, 45
43.457, 45
43.457, 45
43.457, 45
43.457, 45
43.457, 45
43.457, 45
43.457, 45
43.457, 45
43.457, 45
43.457, 45
43.457, 45
43.457, 45
43.457, 45
43.457, 45
43.457, 45
43.457, 45
43.457, 45
43.457, 45
43.457, 45
43.457, 45
43.457, 45
43.457, 45
43.457, 45
43.457, 45
43.457, 45
43.457, 45
43.457, 45
43.374, 45
43.374, 45
43.374, 45
43.374, 45
43.374, 45
43.374, 45
43.374, 45
43.374, 45
43.374, 45
43.374, 45
43.374, 45
43.374, 45
43.374, 45
43.374, 45
43.374, 45
43.374, 45
43.374, 45
43.374, 45
43.374, 45
43.374, 45
43.374, 45
43.374, 45
43.374, 45
43.374, 45
43.374, 45
43.374, 45
43.374, 45
43.374, 45
43.374, 45
43.374, 45
43.374, 45
43.374, 45
43.374, 45
43.374, 45
43.374, 45
43.374, 45
43.374, 45
43.374, 45
43.374, 45
43.374, 45
43.374, 45
43.374, 45
43.374, 45
43.374, 45
43.374, 45
43.374, 45
43.374, 45
43.374, 45
43.374, 45
43.374, 45
43.374, 45
43.374, 45
43.374, 45
43.374, 45
43.374, 45
43.374, 45
43.374, 45
43.374, 45
43.374, 45
43.374, 45
43.374, 45
43.374, 45
43.185, 45
43.185, 45
43.185, 45
43.185, 45
43.185, 45
43.185, 45
43.185, 45
43.185, 45
43.185, 45
43.185, 45
43.185, 45
43.185, 45
43.185, 45
43.185, 45
43.185, 45
43.185, 45
43.185, 45
43.185, 45
43.185, 45
43.185, 45
43.185, 45
43.185, 45
43.185, 45
43.185, 45
43.185, 45
43.185, 45
43.185, 45
43.185, 45
43.185, 45
43.185, 45
43.185, 45
43.185, 45
43.185, 45
43.185, 45
43.185, 45
43.185, 45
43.185, 45
43.185, 45
43.185, 45
43.185, 45
43.185, 45
43.185, 45
43.185, 45
43.185, 45
43.185, 45
43.185, 45
43.185, 45
43.185, 45
43.185, 45
43.185, 45
43.185, 45
43.185, 45
43.185, 45
43.185, 45
43.185, 45
43.185, 45
43.185, 45
43.185, 45
43.185, 45
43.185, 45
43.185, 45
43.185, 45
43.185, 45
43.185, 45
43.185, 45
43.185, 45
43.185, 45
43.185, 45
43.185, 45
43.185, 45
43.185, 45
43.185, 45
43.185, 45
43.185, 45
43.185, 45
43.185, 45
43.185, 45
43.185, 45
43.185, 45
43.185, 45
43.185, 45
43.185, 45
43.185, 45
43.185, 45
43.185, 45
43.185, 45
43.185, 45
43.185, 45
43.185, 45
43.185, 45
43.185, 45
43.088, 45
